-5 0 2.328306e-09
-4.95 0 -9.313226e-09
-4.9 0 -4.656613e-10
-4.85 0 -1.396984e-09
-4.8 0 2.793968e-09
-4.75 0 1.862645e-09
-4.7 0 3.725290e-09
-4.65 0 6.519258e-09
-4.6 0 5.587935e-09
-4.55 0 -6.519258e-09
-4.5 0 4.656613e-09
-4.45 0 2.793968e-09
-4.4 0 2.793968e-09
-4.35 0 2.793968e-09
-4.3 0 9.313226e-10
-4.25 0 5.587935e-09
-4.2 0 1.117587e-08
-4.15 0 9.313226e-09
-4.1 0 -1.862645e-09
-4.05 0 7.450581e-09
-4 0 2.048910e-08
-3.95 0 1.862645e-08
-3.9 0 1.862645e-09
-3.85 0 2.607703e-08
-3.8 0 1.676381e-08
-3.75 0 2.235174e-08
-3.7 0 1.862645e-09
-3.65 0 5.587935e-09
-3.6 0 1.862645e-08
-3.55 0 1.676381e-08
-3.5 0 -2.793968e-09
-3.45 0 1.024455e-08
-3.4 0 9.313226e-09
-3.35 0 -9.313226e-10
-3.3 0 5.587935e-09
-3.25 0 9.313226e-10
-3.2 0 -7.450581e-09
-3.15 0 -9.313226e-09
-3.1 0 -1.769513e-08
-3.05 0 1.862645e-09
-3 0 -1.490116e-08
-2.95 0 -8.381903e-09
-2.9 0 -1.396984e-08
-2.85 0 -4.656613e-09
-2.8 0 -1.396984e-08
-2.75 0 -2.048910e-08
-2.7 0 -5.587935e-09
-2.65 0 -3.725290e-09
-2.6 0 1.862645e-09
-2.55 0 2.002344e-08
-2.5 0 5.355105e-08
-2.45 0 1.024455e-07
-2.4 0 1.545995e-07
-2.35 0 3.045425e-07
-2.3 0 5.564652e-07
-2.25 0 9.923242e-07
-2.2 0 1.748092e-06
-2.15 0 3.067777e-06
-2.1 0 5.251262e-06
-2.05 0 8.961419e-06
-2 0 1.502002e-05
-1.95 0 2.492474e-05
-1.9 0 4.080287e-05
-1.85 0 6.597349e-05
-1.8 0 0.0001052557
-1.75 0 0.0001658741
-1.7 0 0.0002580443
-1.65 0 0.0003964077
-1.6 0 0.0006011236
-1.55 0 0.0009000613
-1.5 0 0.001330526
-1.45 0 0.001941939
-1.4 0 0.002798270
-1.35 0 0.003981103
-1.3 0 0.005591955
-1.25 0 0.007754987
-1.2 0 0.01061821
-1.15 0 0.01435420
-1.1 0 0.01915855
-1.05 0 0.02524681
-1 0 0.03284808
-0.95 0 0.04219654
-0.9 0 0.05351914
-0.85 0 0.06702092
-0.8 0 0.08286735
-0.75 0 0.1011657
-0.7 0 0.1219451
-0.65 0 0.1451386
-0.6 0 0.1705675
-0.55 0 0.1979306
-0.5 0 0.2268000
-0.45 0 0.2566252
-0.4 0 0.2867453
-0.35 0 0.3164114
-0.3 0 0.3448170
-0.25 0 0.3711351
-0.2 0 0.3945611
-0.15 0 0.4143561
-0.1 0 0.4298901
-0.05 0 0.4406790
0 0 0.4464136
0.05 0 0.4469785
0.1 0 0.4424578
0.15 0 0.4331279
0.2 0 0.4194388
0.25 0 0.4019836
0.3 0 0.3814611
0.35 0 0.3586324
0.4 0 0.3342779
0.45 0 0.3091551
0.5 0 0.2839619
0.55 0 0.2593076
0.6 0 0.2356931
0.65 0 0.2134995
0.7 0 0.1929867
0.75 0 0.1742995
0.8 0 0.1574807
0.85 0 0.1424876
0.9 0 0.1292121
0.95 0 0.1175004
1 0 0.1071725
1.05 0 0.09803860
1.1 0 0.08991316
1.15 0 0.08262488
1.2 0 0.07602378
1.25 0 0.06998445
1.3 0 0.06440736
1.35 0 0.05921732
1.4 0 0.05436122
1.45 0 0.04980433
1.5 0 0.04552690
1.55 0 0.04152035
1.6 0 0.03778450
1.65 0 0.03432470
1.7 0 0.03115021
1.75 0 0.02827279
1.8 0 0.02570598
1.85 0 0.02346447
1.9 0 0.02156382
1.95 0 0.02001994
2 0 0.01884863
2.05 0 0.01806461
2.1 0 0.01768052
2.15 0 0.01770537
2.2 0 0.01814322
2.25 0 0.01899140
2.3 0 0.02023929
2.35 0 0.02186722
2.4 0 0.02384611
2.45 0 0.02613780
2.5 0 0.02869634
2.55 0 0.03147014
2.6 0 0.03440519
2.65 0 0.03744884
2.7 0 0.04055420
2.75 0 0.04368459
2.8 0 0.04681771
2.85 0 0.04994887
2.9 0 0.05309327
2.95 0 0.05628596
3 0 0.05958068
3.05 0 0.06304567
3.1 0 0.06675811
3.15 0 0.07079647
3.2 0 0.07523154
3.25 0 0.08011703
3.3 0 0.08548036
3.35 0 0.09131440
3.4 0 0.09757144
3.45 0 0.1041596
3.5 0 0.1109427
3.55 0 0.1177440
3.6 0 0.1243528
3.65 0 0.1305350
3.7 0 0.1360462
3.75 0 0.1406454
3.8 0 0.1441111
3.85 0 0.1462550
3.9 0 0.1469347
3.95 0 0.1460633
4 0 0.1436158
4.05 0 0.1396304
4.1 0 0.1342068
4.15 0 0.1274996
4.2 0 0.1197096
4.25 0 0.1110710
4.3 0 0.1018387
4.35 0 0.09227489
4.4 0 0.08263594
4.45 0 0.07316136
4.5 0 0.06406499
4.55 0 0.05552856
4.6 0 0.04769836
4.65 0 0.04068433
4.7 0 0.03456157
4.75 0 0.02937323
4.8 0 0.02513523
4.85 0 0.02184064
4.9 0 0.01946479
4.95 0 0.01796927
5 0 0.01730560
5.05 0 0.01741736
5.1 0 0.01824175
5.15 0 0.01970985
5.2 0 0.02174649
5.25 0 0.02426950
5.3 0 0.02718915
5.35 0 0.03040763
5.4 0 0.03381961
5.45 0 0.03731304
5.5 0 0.04077151
5.55 0 0.04407705
5.6 0 0.04711417
5.65 0 0.04977407
5.7 0 0.05195941
5.75 0 0.05358870
5.8 0 0.05460040
5.85 0 0.05495575
5.9 0 0.05464082
5.95 0 0.05366684
6 0 0.05206934
6.05 0 0.04990558
6.1 0 0.04725123
6.15 0 0.04419561
6.2 0 0.04083683
6.25 0 0.03727643
6.3 0 0.03361430
6.35 0 0.02994415
6.4 0 0.02634971
6.45 0 0.02290176
6.5 0 0.01965659
6.55 0 0.01665482
6.6 0 0.01392184
6.65 0 0.01146849
6.7 0 0.009292683
6.75 0 0.007381191
6.8 0 0.005711901
6.85 0 0.004255920
6.9 0 0.002979747
6.95 0 0.001847291
7 0 0.0008216017
7.05 0 -0.0001334246
7.1 0 -0.001051720
7.15 0 -0.001963880
7.2 0 -0.002895928
7.25 0 -0.003868565
7.3 0 -0.004896347
7.35 0 -0.005987098
7.4 0 -0.007141436
7.45 0 -0.008352704
7.5 0 -0.009607092
7.55 0 -0.01088401
7.6 0 -0.01215699
7.65 0 -0.01339488
7.7 0 -0.01456327
7.75 0 -0.01562638
7.8 0 -0.01654892
7.85 0 -0.01729814
7.9 0 -0.01784565
7.95 0 -0.01816915
8 0 -0.01825356
8.05 0 -0.01809194
8.1 0 -0.01768563
8.15 0 -0.01704397
8.2 0 -0.01618333
8.25 0 -0.01512595
8.3 0 -0.01389806
8.35 0 -0.01252819
8.4 0 -0.01104515
8.45 0 -0.009476384
8.5 0 -0.007846199
8.55 0 -0.006174828
8.6 0 -0.004477438
8.65 0 -0.002763954
8.7 0 -0.001038997
8.75 0 0.0006974839
8.8 0 0.002449523
8.85 0 0.004224024
8.9 0 0.006029662
8.95 0 0.007875520
9 0 0.009769998
9.05 0 0.01171960
9.1 0 0.01372804
9.15 0 0.01579545
9.2 0 0.01791788
9.25 0 0.02008705
9.3 0 0.02229055
9.35 0 0.02451213
9.4 0 0.02673245
9.45 0 0.02893022
9.5 0 0.03108337
9.55 0 0.03317076
9.6 0 0.03517371
9.65 0 0.03707772
9.7 0 0.03887400
9.75 0 0.04056071
9.8 0 0.04214374
9.85 0 0.04363690
9.9 0 0.04506131
9.95 0 0.04644423
10 0 0.04781684
10.05 0 0.04921152
10.1 0 0.05065864
10.15 0 0.05218299
10.2 0 0.05380034
10.25 0 0.05551439
10.3 0 0.05731441
10.35 0 0.05917393
10.4 0 0.06105065
10.45 0 0.06288775
10.5 0 0.06461639
10.55 0 0.06615964
10.6 0 0.06743694
10.65 0 0.06836949
10.7 0 0.06888539
10.75 0 0.06892478
10.8 0 0.06844387
10.85 0 0.06741802
10.9 0 0.06584364
10.95 0 0.06373827
11 0 0.06113958
11.05 0 0.05810291
11.1 0 0.05469793
11.15 0 0.05100445
11.2 0 0.04710814
11.25 0 0.04309604
11.3 0 0.03905256
11.35 0 0.03505610
11.4 0 0.03117630
11.45 0 0.02747227
11.5 0 0.02399174
11.55 0 0.02077087
11.6 0 0.01783492
11.65 0 0.01519951
11.7 0 0.01287226
11.75 0 0.01085471
11.8 0 0.009144586
11.85 0 0.007737738
11.9 0 0.006630395
11.95 0 0.005820918
12 0 0.005311512
12.05 0 0.005109367
12.1 0 0.005227632
12.15 0 0.005685540
12.2 0 0.006508284
12.25 0 0.007725964
12.3 0 0.009371959
12.35 0 0.01148067
12.4 0 0.01408439
12.45 0 0.01720994
12.5 0 0.02087464
12.55 0 0.02508228
12.6 0 0.02981943
12.65 0 0.03505190
12.7 0 0.04072257
12.75 0 0.04674999
12.8 0 0.05302883
12.85 0 0.05943183
12.9 0 0.06581360
12.95 0 0.07201607
13 0 0.07787505
13.05 0 0.08322813
13.1 0 0.08792263
13.15 0 0.09182350
13.2 0 0.09482048
13.25 0 0.09683362
13.3 0 0.09781724
13.35 0 0.09776161
13.4 0 0.09669238
13.45 0 0.09466814
13.5 0 0.09177578
13.55 0 0.08812472
13.6 0 0.08384033
13.65 0 0.07905656
13.7 0 0.07390954
13.75 0 0.06853127
13.8 0 0.06304457
13.85 0 0.05755935
13.9 0 0.05217013
13.95 0 0.04695479
14 0 0.04197461
14.05 0 0.03727499
14.1 0 0.03288703
14.15 0 0.02882931
14.2 0 0.02511006
14.25 0 0.02172895
14.3 0 0.01867918
14.35 0 0.01594889
14.4 0 0.01352266
14.45 0 0.01138242
14.5 0 0.009508377
14.55 0 0.007879594
14.6 0 0.006474470
14.65 0 0.005270984
14.7 0 0.004247081
14.75 0 0.003380644
14.8 0 0.002649717
14.85 0 0.002032396
14.9 0 0.001506922
14.95 0 0.001051318
15 0 0.0006434257
15.05 0 0.0002603773
15.1 0 -0.0001214508
15.15 0 -0.0005269498
15.2 0 -0.0009823143
15.25 0 -0.001515418
15.3 0 -0.002155519
15.35 0 -0.002933131
15.4 0 -0.003879296
15.45 0 -0.005024761
15.5 0 -0.006398489
15.55 0 -0.008026112
15.6 0 -0.009927753
15.65 0 -0.01211606
15.7 0 -0.01459371
15.75 0 -0.01735145
15.8 0 -0.02036618
15.85 0 -0.02359992
15.9 0 -0.02699924
15.95 0 -0.03049598
16 0 -0.03400874
16.05 0 -0.03744579
16.1 0 -0.04070881
16.15 0 -0.04369745
16.2 0 -0.04631460
16.25 0 -0.04847185
16.3 0 -0.05009455
16.35 0 -0.05112646
16.4 0 -0.05153327
16.45 0 -0.05130488
16.5 0 -0.05045607
16.55 0 -0.04902562
16.6 0 -0.04707393
16.65 0 -0.04467948
16.7 0 -0.04193403
16.75 0 -0.03893750
16.8 0 -0.03579263
16.85 0 -0.03259989
16.9 0 -0.02945299
16.95 0 -0.02643541
17 0 -0.02361792
17.05 0 -0.02105728
17.1 0 -0.01879592
17.15 0 -0.01686266
17.2 0 -0.01527410
17.25 0 -0.01403634
17.3 0 -0.01314702
17.35 0 -0.01259719
17.4 0 -0.01237295
17.45 0 -0.01245674
17.5 0 -0.01282801
17.55 0 -0.01346363
17.6 0 -0.01433767
17.65 0 -0.01542121
17.7 0 -0.01668168
17.75 0 -0.01808257
17.8 0 -0.01958304
17.85 0 -0.02113820
17.9 0 -0.02269944
17.95 0 -0.02421558
18 0 -0.02563426
18.05 0 -0.02690381
18.1 0 -0.02797536
18.15 0 -0.02880510
18.2 0 -0.02935639
18.25 0 -0.02960178
18.3 0 -0.02952429
18.35 0 -0.02911860
18.4 0 -0.02839111
18.45 0 -0.02735961
18.5 0 -0.02605217
18.55 0 -0.02450552
18.6 0 -0.02276294
18.65 0 -0.02087188
18.7 0 -0.01888150
18.75 0 -0.01684029
18.8 0 -0.01479398
18.85 0 -0.01278378
18.9 0 -0.01084511
18.95 0 -0.009006853
19 0 -0.007291081
19.05 0 -0.005713218
19.1 0 -0.004282595
19.15 0 -0.003003242
19.2 0 -0.001874818
19.25 0 -0.0008936049
19.3 0 -5.335837e-05
19.35 0 0.0006537022
19.4 0 0.001236449
19.45 0 0.001704180
19.5 0 0.002066371
19.55 0 0.002332565
19.6 0 0.002512131
19.65 0 0.002614441
19.7 0 0.002648730
19.75 0 0.002624206
19.8 0 0.002549981
19.85 0 0.002435105
19.9 0 0.002288387
19.95 0 0.002118227
20 0 0.001932549
20.05 0 0.001738624
20.1 0 0.001542901
20.15 0 0.001350886
20.2 0 0.001167074
20.25 0 0.0009949184
20.3 0 0.0008368487
20.35 0 0.0006942970
20.4 0 0.0005678330
20.45 0 0.0004572099
20.5 0 0.0003615462
20.55 0 0.0002794008
20.6 0 0.0002089221
20.65 0 0.0001478989
20.7 0 9.386940e-05
20.75 0 4.413295e-05
20.8 0 -4.169708e-06
20.85 0 -5.411671e-05
20.9 0 -0.0001089345
20.95 0 -0.0001720499
21 0 -0.0002470273
21.05 0 -0.0003375350
21.1 0 -0.0004473449
21.15 0 -0.0005801764
21.2 0 -0.0007395573
21.25 0 -0.0009287166
21.3 0 -0.001150321
21.35 0 -0.001406343
21.4 0 -0.001697780
21.45 0 -0.002024585
21.5 0 -0.002385490
21.55 0 -0.002778078
21.6 0 -0.003198784
21.65 0 -0.003643285
21.7 0 -0.004106755
21.75 0 -0.004584564
21.8 0 -0.005072746
21.85 0 -0.005568944
21.9 0 -0.006072980
21.95 0 -0.006587748
22 0 -0.007119591
22.05 0 -0.007678796
22.1 0 -0.008279512
22.15 0 -0.008939480
22.2 0 -0.009679122
22.25 0 -0.01052051
22.3 0 -0.01148554
22.35 0 -0.01259416
22.4 0 -0.01386209
22.45 0 -0.01529870
22.5 0 -0.01690486
22.55 0 -0.01867132
22.6 0 -0.02057739
22.65 0 -0.02259061
22.7 0 -0.02466695
22.75 0 -0.02675217
22.8 0 -0.02878392
22.85 0 -0.03069465
22.9 0 -0.03241517
22.95 0 -0.03387851
23 0 -0.03502394
23.05 0 -0.03580076
23.1 0 -0.03617138
23.15 0 -0.03611384
23.2 0 -0.03562316
23.25 0 -0.03471163
23.3 0 -0.03340801
23.35 0 -0.03175557
23.4 0 -0.02980947
23.45 0 -0.02763330
23.5 0 -0.02529540
23.55 0 -0.02286528
23.6 0 -0.02041001
23.65 0 -0.01799126
23.7 0 -0.01566303
23.75 0 -0.01347006
23.8 0 -0.01144709
23.85 0 -0.009618807
23.9 0 -0.008000573
23.95 0 -0.006599486
24 0 -0.005416009
24.05 0 -0.004445572
24.1 0 -0.003680438
24.15 0 -0.003111170
24.2 0 -0.002728233
24.25 0 -0.002522864
24.3 0 -0.002487985
24.35 0 -0.002618361
24.4 0 -0.002910661
24.45 0 -0.003362883
24.5 0 -0.003973765
24.55 0 -0.004741582
24.6 0 -0.005663093
24.65 0 -0.006732256
24.7 0 -0.007939071
24.75 0 -0.009268482
24.8 0 -0.01069973
24.85 0 -0.01220594
24.9 0 -0.01375430
24.95 0 -0.01530660
25 0 -0.01682048
25.05 0 -0.01825100
25.1 0 -0.01955268
25.15 0 -0.02068177
25.2 0 -0.02159851
25.25 0 -0.02226962
25.3 0 -0.02267000
25.35 0 -0.02278455
25.4 0 -0.02260890
25.45 0 -0.02214970
25.5 0 -0.02142429
25.55 0 -0.02045960
25.6 0 -0.01929058
25.65 0 -0.01795784
25.7 0 -0.01650571
25.75 0 -0.01497974
25.8 0 -0.01342437
25.85 0 -0.01188106
25.9 0 -0.01038670
25.95 0 -0.008972542
26 0 -0.007663610
26.05 0 -0.006478641
26.1 0 -0.005430419
26.15 0 -0.004526447
26.2 0 -0.003770006
26.25 0 -0.003161161
26.3 0 -0.002697940
26.35 0 -0.002377342
26.4 0 -0.002196321
26.45 0 -0.002152343
26.5 0 -0.002244017
26.55 0 -0.002471045
26.6 0 -0.002834330
26.65 0 -0.003335382
26.7 0 -0.003975964
26.75 0 -0.004757058
26.8 0 -0.005678275
26.85 0 -0.006736693
26.9 0 -0.007926095
26.95 0 -0.009236163
27 0 -0.01065189
27.05 0 -0.01215322
27.1 0 -0.01371509
27.15 0 -0.01530755
27.2 0 -0.01689678
27.25 0 -0.01844564
27.3 0 -0.01991537
27.35 0 -0.02126684
27.4 0 -0.02246235
27.45 0 -0.02346722
27.5 0 -0.02425153
27.55 0 -0.02479143
27.6 0 -0.02507043
27.65 0 -0.02508003
27.7 0 -0.02482028
27.75 0 -0.02429960
27.8 0 -0.02353432
27.85 0 -0.02254775
27.9 0 -0.02136900
27.95 0 -0.02003137
28 0 -0.01857086
28.05 0 -0.01702426
28.1 0 -0.01542761
28.15 0 -0.01381465
28.2 0 -0.01221554
28.25 0 -0.01065581
28.3 0 -0.009155762
28.35 0 -0.007730006
28.4 0 -0.006387601
28.45 0 -0.005132265
28.5 0 -0.003963081
28.55 0 -0.002875169
28.6 0 -0.001860857
28.65 0 -0.0009105628
28.7 0 -1.400015e-05
28.75 0 0.0008387627
28.8 0 0.001656371
28.85 0 0.002445370
28.9 0 0.003209614
28.95 0 0.003949808
29 0 0.004663520
29.05 0 0.005345159
29.1 0 0.005986520
29.15 0 0.006577194
29.2 0 0.007105506
29.25 0 0.007559247
29.3 0 0.007926727
29.35 0 0.008197548
29.4 0 0.008363583
29.45 0 0.008419455
29.5 0 0.008363144
29.55 0 0.008196053
29.6 0 0.007923136
29.65 0 0.007552514
29.7 0 0.007095083
29.75 0 0.006563840
29.8 0 0.005973237
29.85 0 0.005338345
29.9 0 0.004674223
29.95 0 0.003995183
30 0 0.003314337
30.05 0 0.002643130
30.1 0 0.001991053
30.15 0 0.001365543
30.2 0 0.0007718680
30.25 0 0.0002130711
30.3 0 -0.0003100349
30.35 0 -0.0007989706
30.4 0 -0.001257702
30.45 0 -0.001692988
30.5 0 -0.002114530
30.55 0 -0.002535501
30.6 0 -0.002972934
30.65 0 -0.003448055
30.7 0 -0.003986589
30.75 0 -0.004618793
30.8 0 -0.005379227
30.85 0 -0.006306093
30.9 0 -0.007440154
30.95 0 -0.008823102
31 0 -0.01049542
31.05 0 -0.01249376
31.1 0 -0.01484790
31.15 0 -0.01757749
31.2 0 -0.02068876
31.25 0 -0.02417150
31.3 0 -0.02799654
31.35 0 -0.03211411
31.4 0 -0.03645337
31.45 0 -0.04092307
31.5 0 -0.04541412
31.55 0 -0.04980317
31.6 0 -0.05395796
31.65 0 -0.05774350
31.7 0 -0.06102923
31.75 0 -0.06369619
31.8 0 -0.06564406
31.85 0 -0.06679708
31.9 0 -0.06710894
31.95 0 -0.06656550
32 0 -0.06518579
32.05 0 -0.06302072
32.1 0 -0.06014985
32.15 0 -0.05667646
32.2 0 -0.05272143
32.25 0 -0.04841610
32.3 0 -0.04389526
32.35 0 -0.03929022
32.4 0 -0.03472290
32.45 0 -0.03030093
32.5 0 -0.02611429
32.55 0 -0.02223338
32.6 0 -0.01870848
32.65 0 -0.01557056
32.7 0 -0.01283302
32.75 0 -0.01049424
32.8 0 -0.008540451
32.85 0 -0.006948734
32.9 0 -0.005689907
32.95 0 -0.004731127
33 0 -0.004037933
33.05 0 -0.003575875
33.1 0 -0.003311611
33.15 0 -0.003213629
33.2 0 -0.003252395
33.25 0 -0.003400540
33.3 0 -0.003632567
33.35 0 -0.003924753
33.4 0 -0.004254853
33.45 0 -0.004602122
33.5 0 -0.004947150
33.55 0 -0.005272178
33.6 0 -0.005561142
33.65 0 -0.005800092
33.7 0 -0.005977470
33.75 0 -0.006084433
33.8 0 -0.006115024
33.85 0 -0.006066308
33.9 0 -0.005938272
33.95 0 -0.005733545
34 0 -0.005457045
34.05 0 -0.005115323
34.1 0 -0.004715972
34.15 0 -0.004266744
34.2 0 -0.003774875
34.25 0 -0.003246357
34.3 0 -0.002685340
34.35 0 -0.002093636
34.4 0 -0.001470628
34.45 0 -0.0008131340
34.5 0 -0.0001157695
34.55 0 0.0006285970
34.6 0 0.001428076
34.65 0 0.002290883
34.7 0 0.003224176
34.75 0 0.004233100
34.8 0 0.005319491
34.85 0 0.006481023
34.9 0 0.007710271
34.95 0 0.008994307
35 0 0.01031441
35.05 0 0.01164640
35.1 0 0.01296116
35.15 0 0.01422588
35.2 0 0.01540535
35.25 0 0.01646374
35.3 0 0.01736643
35.35 0 0.01808202
35.4 0 0.01858393
35.45 0 0.01885201
35.5 0 0.01887351
35.55 0 0.01864375
35.6 0 0.01816602
35.65 0 0.01745100
35.7 0 0.01651574
35.75 0 0.01538212
35.8 0 0.01407497
35.85 0 0.01262025
35.9 0 0.01104296
35.95 0 0.009365547
36 0 0.007606364
36.05 0 0.005778722
36.1 0 0.003890309
36.15 0 0.001943257
36.2 0 -6.547631e-05
36.25 0 -0.002143106
36.3 0 -0.004299805
36.35 0 -0.006547011
36.4 0 -0.008895849
36.45 0 -0.01135516
36.5 0 -0.01392980
36.55 0 -0.01661893
36.6 0 -0.01941464
36.65 0 -0.02230066
36.7 0 -0.02525172
36.75 0 -0.02823302
36.8 0 -0.03120054
36.85 0 -0.03410155
36.9 0 -0.03687593
36.95 0 -0.03945790
37 0 -0.04177840
37.05 0 -0.04376770
37.1 0 -0.04535862
37.15 0 -0.04648964
37.2 0 -0.04710816
37.25 0 -0.04717339
37.3 0 -0.04665890
37.35 0 -0.04555436
37.4 0 -0.04386669
37.45 0 -0.04162003
37.5 0 -0.03885506
37.55 0 -0.03562737
37.6 0 -0.03200500
37.65 0 -0.02806559
37.7 0 -0.02389312
37.75 0 -0.01957465
37.8 0 -0.01519708
37.85 0 -0.01084436
37.9 0 -0.006595125
37.95 0 -0.002520912
38 0 0.001315176
38.05 0 0.004859118
38.1 0 0.008066413
38.15 0 0.01090197
38.2 0 0.01334007
38.25 0 0.01536381
38.3 0 0.01696509
38.35 0 0.01814410
38.4 0 0.01890901
38.45 0 0.01927571
38.5 0 0.01926728
38.55 0 0.01891344
38.6 0 0.01824996
38.65 0 0.01731737
38.7 0 0.01616000
38.75 0 0.01482416
38.8 0 0.01335678
38.85 0 0.01180331
38.9 0 0.01020604
38.95 0 0.008602253
39 0 0.007022590
39.05 0 0.005489668
39.1 0 0.004017159
39.15 0 0.002609223
39.2 0 0.001260379
39.25 0 -4.392865e-05
39.3 0 -0.001326515
39.35 0 -0.002616767
39.4 0 -0.003948670
39.45 0 -0.005358466
39.5 0 -0.006881782
39.55 0 -0.008550687
39.6 0 -0.01039064
39.65 0 -0.01241768
39.7 0 -0.01463575
39.75 0 -0.01703490
39.8 0 -0.01958993
39.85 0 -0.02226027
39.9 0 -0.02499077
39.95 0 -0.02771365
40 0 -0.03035152
40.05 0 -0.03282129
40.1 0 -0.03503882
40.15 0 -0.03692392
40.2 0 -0.03840520
40.25 0 -0.03942479
40.3 0 -0.03994198
40.35 0 -0.03993598
40.4 0 -0.03940726
40.45 0 -0.03837747
40.5 0 -0.03688802
40.55 0 -0.03499735
40.6 0 -0.03277721
40.65 0 -0.03030822
40.7 0 -0.02767522
40.75 0 -0.02496263
40.8 0 -0.02225015
40.85 0 -0.01960918
40.9 0 -0.01710004
40.95 0 -0.01477024
41 0 -0.01265354
41.05 0 -0.01076988
41.1 0 -0.009126147
41.15 0 -0.007717416
41.2 0 -0.006528447
41.25 0 -0.005535544
41.3 0 -0.004708339
41.35 0 -0.004011477
41.4 0 -0.003406153
41.45 0 -0.002851477
41.5 0 -0.002305585
41.55 0 -0.001726654
41.6 0 -0.001073781
41.65 0 -0.0003077302
41.7 0 0.0006081447
41.75 0 0.001707008
41.8 0 0.003017469
41.85 0 0.004562527
41.9 0 0.006358146
41.95 0 0.008412145
42 0 0.01072278
42.05 0 0.01327778
42.1 0 0.01605347
42.15 0 0.01901443
42.2 0 0.02211374
42.25 0 0.02529370
42.3 0 0.02848751
42.35 0 0.03162140
42.4 0 0.03461752
42.45 0 0.03739722
42.5 0 0.03988475
42.55 0 0.04201072
42.6 0 0.04371574
42.65 0 0.04495317
42.7 0 0.04569154
42.75 0 0.04591578
42.8 0 0.04562776
42.85 0 0.04484570
42.9 0 0.04360270
42.95 0 0.04194452
43 0 0.03992670
43.05 0 0.03761152
43.1 0 0.03506462
43.15 0 0.03235187
43.2 0 0.02953661
43.25 0 0.02667725
43.3 0 0.02382541
43.35 0 0.02102489
43.4 0 0.01831102
43.45 0 0.01571069
43.5 0 0.01324280
43.55 0 0.01091915
43.6 0 0.008745633
43.65 0 0.006723430
43.7 0 0.004850412
43.75 0 0.003122448
43.8 0 0.001534550
43.85 0 8.190257e-05
43.9 0 -0.001239502
43.95 0 -0.002432250
44 0 -0.003497469
44.05 0 -0.004434755
44.1 0 -0.005242589
44.15 0 -0.005918722
44.2 0 -0.006460833
44.25 0 -0.006867071
44.3 0 -0.007136717
44.35 0 -0.007270617
44.4 0 -0.007271581
44.45 0 -0.007144397
44.5 0 -0.006895841
44.55 0 -0.006534394
44.6 0 -0.006069744
44.65 0 -0.005512268
44.7 0 -0.004872410
44.75 0 -0.004160063
44.8 0 -0.003384099
44.85 0 -0.002552056
44.9 0 -0.001669927
44.95 0 -0.0007423199
45 0 0.0002273148
45.05 0 0.001236116
45.1 0 0.002281157
45.15 0 0.003358719
45.2 0 0.004463525
45.25 0 0.005588111
45.3 0 0.006722210
45.35 0 0.007852577
45.4 0 0.008962875
45.45 0 0.01003410
45.5 0 0.01104507
45.55 0 0.01197349
45.6 0 0.01279694
45.65 0 0.01349433
45.7 0 0.01404718
45.75 0 0.01444102
45.8 0 0.01466657
45.85 0 0.01472081
45.9 0 0.01460758
45.95 0 0.01433810
46 0 0.01393095
46.05 0 0.01341175
46.1 0 0.01281266
46.15 0 0.01217147
46.2 0 0.01153061
46.25 0 0.01093597
46.3 0 0.01043559
46.35 0 0.01007835
46.4 0 0.009912473
46.45 0 0.009984029
46.5 0 0.01033529
46.55 0 0.01100292
46.6 0 0.01201615
46.65 0 0.01339476
46.7 0 0.01514702
46.75 0 0.01726782
46.8 0 0.01973699
46.85 0 0.02251799
46.9 0 0.02555741
46.95 0 0.02878520
47 0 0.03211599
47.05 0 0.03545152
47.1 0 0.03868410
47.15 0 0.04170137
47.2 0 0.04439148
47.25 0 0.04664906
47.3 0 0.04838112
47.35 0 0.04951256
47.4 0 0.04999087
47.45 0 0.04978954
47.5 0 0.04890989
47.55 0 0.04738110
47.6 0 0.04525859
47.65 0 0.04262058
47.7 0 0.03956330
47.75 0 0.03619536
47.8 0 0.03263154
47.85 0 0.02898650
47.9 0 0.02536915
47.95 0 0.02187778
48 0 0.01859630
48.05 0 0.01559201
48.1 0 0.01291434
48.15 0 0.01059530
48.2 0 0.008650510
48.25 0 0.007081448
48.3 0 0.005877650
48.35 0 0.005019704
48.4 0 0.004481708
48.45 0 0.004233721
48.5 0 0.004243592
48.55 0 0.004478708
48.6 0 0.004906700
48.65 0 0.005496277
48.7 0 0.006217269
48.75 0 0.007040828
48.8 0 0.007939012
48.85 0 0.008884879
48.9 0 0.009852186
48.95 0 0.01081540
49 0 0.01174983
49.05 0 0.01263193
49.1 0 0.01343960
49.15 0 0.01415281
49.2 0 0.01475414
49.25 0 0.01522944
49.3 0 0.01556842
49.35 0 0.01576522
49.4 0 0.01581881
49.45 0 0.01573343
49.5 0 0.01551849
49.55 0 0.01518865
49.6 0 0.01476330
49.65 0 0.01426599
49.7 0 0.01372354
49.75 0 0.01316484
49.8 0 0.01261946
49.85 0 0.01211617
49.9 0 0.01168128
49.95 0 0.01133707
50 0 0.01110037
50.05 0 0.01098137
50.1 0 0.01098280
50.15 0 0.01109963
50.2 0 0.01131928
50.25 0 0.01162226
50.3 0 0.01198355
50.35 0 0.01237420
50.4 0 0.01276346
50.45 0 0.01312087
50.5 0 0.01341853
50.55 0 0.01363312
50.6 0 0.01374750
50.65 0 0.01375188
50.7 0 0.01364451
50.75 0 0.01343140
50.8 0 0.01312588
50.85 0 0.01274735
50.9 0 0.01231941
50.95 0 0.01186827
51 0 0.01142051
51.05 0 0.01100114
51.1 0 0.01063175
51.15 0 0.01032920
51.2 0 0.01010440
51.25 0 0.009961814
51.3 0 0.009899430
51.35 0 0.009909060
51.4 0 0.009977140
51.45 0 0.01008585
51.5 0 0.01021431
51.55 0 0.01034024
51.6 0 0.01044110
51.65 0 0.01049553
51.7 0 0.01048463
51.75 0 0.01039274
51.8 0 0.01020822
51.85 0 0.009923710
51.9 0 0.009536325
51.95 0 0.009047426
52 0 0.008462295
52.05 0 0.007789506
52.1 0 0.007040301
52.15 0 0.006227952
52.2 0 0.005367064
52.25 0 0.004472857
52.3 0 0.003560757
52.35 0 0.002645911
52.4 0 0.001742876
52.45 0 0.0008654110
52.5 0 2.633473e-05
52.55 0 -0.0007625388
52.6 0 -0.001490489
52.65 0 -0.002147981
52.7 0 -0.002726635
52.75 0 -0.003219409
52.8 0 -0.003620597
52.85 0 -0.003926026
52.9 0 -0.004133063
52.95 0 -0.004240711
53 0 -0.004249484
53.05 0 -0.004161505
53.1 0 -0.003980133
53.15 0 -0.003709944
53.2 0 -0.003356328
53.25 0 -0.002925321
53.3 0 -0.002423323
53.35 0 -0.001856903
53.4 0 -0.001232664
53.45 0 -0.0005572580
53.5 0 0.0001625302
53.55 0 0.0009196564
53.6 0 0.001706530
53.65 0 0.002514768
53.7 0 0.003334928
53.75 0 0.004156289
53.8 0 0.004966835
53.85 0 0.005753187
53.9 0 0.006500909
53.95 0 0.007194815
54 0 0.007819496
54.05 0 0.008360012
54.1 0 0.008802489
54.15 0 0.009134876
54.2 0 0.009347618
54.25 0 0.009434142
54.3 0 0.009391192
54.35 0 0.009218996
54.4 0 0.008921267
54.45 0 0.008504805
54.5 0 0.007979125
54.55 0 0.007355791
54.6 0 0.006647835
54.65 0 0.005868883
54.7 0 0.005032710
54.75 0 0.004152473
54.8 0 0.003240514
54.85 0 0.002307985
54.9 0 0.001364822
54.95 0 0.0004199207
55 0 -0.0005187968
55.05 0 -0.001443802
55.1 0 -0.002347875
55.15 0 -0.003223557
55.2 0 -0.004063036
55.25 0 -0.004857804
55.3 0 -0.005598837
55.35 0 -0.006276549
55.4 0 -0.006881198
55.45 0 -0.007403035
55.5 0 -0.007833027
55.55 0 -0.008163134
55.6 0 -0.008386915
55.65 0 -0.008499840
55.7 0 -0.008499686
55.75 0 -0.008386623
55.8 0 -0.008163323
55.85 0 -0.007834652
55.9 0 -0.007407585
55.95 0 -0.006890614
56 0 -0.006293353
56.05 0 -0.005626016
56.1 0 -0.004898988
56.15 0 -0.004122336
56.2 0 -0.003305547
56.25 0 -0.002457436
56.3 0 -0.001586080
56.35 0 -0.0006990481
56.4 0 0.0001963706
56.45 0 0.001092748
56.5 0 0.001982170
56.55 0 0.002855700
56.6 0 0.003703186
56.65 0 0.004512915
56.7 0 0.005271498
56.75 0 0.005963864
56.8 0 0.006573546
56.85 0 0.007082718
56.9 0 0.007472681
56.95 0 0.007724110
57 0 0.007817461
57.05 0 0.007733108
57.1 0 0.007451667
57.15 0 0.006953953
57.2 0 0.006221178
57.25 0 0.005234911
57.3 0 0.003977378
57.35 0 0.002431621
57.4 0 0.0005823001
57.45 0 -0.001583575
57.5 0 -0.004075114
57.55 0 -0.006896183
57.6 0 -0.01004320
57.65 0 -0.01350329
57.7 0 -0.01725208
57.75 0 -0.02125209
57.8 0 -0.02545131
57.85 0 -0.02978288
57.9 0 -0.03416544
57.95 0 -0.03850488
58 0 -0.04269696
58.05 0 -0.04663124
58.1 0 -0.05019578
58.15 0 -0.05328260
58.2 0 -0.05579315
58.25 0 -0.05764383
58.3 0 -0.05877053
58.35 0 -0.05913254
58.4 0 -0.05871456
58.45 0 -0.05752758
58.5 0 -0.05560768
58.55 0 -0.05301369
58.6 0 -0.04982311
58.65 0 -0.04612737
58.7 0 -0.04202631
58.75 0 -0.03762275
58.8 0 -0.03301742
58.85 0 -0.02830454
58.9 0 -0.02356858
58.95 0 -0.01888219
59 0 -0.01430549
59.05 0 -0.009886262
59.1 0 -0.005661464
59.15 0 -0.001659106
59.2 0 0.002099387
59.25 0 0.005596756
59.3 0 0.008817935
59.35 0 0.01174837
59.4 0 0.01437319
59.45 0 0.01667711
59.5 0 0.01864482
59.55 0 0.02026213
59.6 0 0.02151746
59.65 0 0.02240342
59.7 0 0.02291830
59.75 0 0.02306736
59.8 0 0.02286348
59.85 0 0.02232735
59.9 0 0.02148694
59.95 0 0.02037633
60 0 0.01903418
60.05 0 0.01750151
60.1 0 0.01581965
60.15 0 0.01402794
60.2 0 0.01216176
60.25 0 0.01025079
60.3 0 0.008318007
60.35 0 0.006378917
60.4 0 0.004441789
60.45 0 0.002508100
60.5 0 0.0005738277
60.55 0 -0.001369025
60.6 0 -0.003330499
60.65 0 -0.005320628
60.7 0 -0.007347329
60.75 0 -0.009414529
60.8 0 -0.01152037
60.85 0 -0.01365612
60.9 0 -0.01580527
60.95 0 -0.01794350
61 0 -0.02003902
61.05 0 -0.02205379
61.1 0 -0.02394495
61.15 0 -0.02566721
61.2 0 -0.02717500
61.25 0 -0.02842534
61.3 0 -0.02938034
61.35 0 -0.03000977
61.4 0 -0.03029290
61.45 0 -0.03022013
61.5 0 -0.02979379
61.55 0 -0.02902824
61.6 0 -0.02794923
61.65 0 -0.02659250
61.7 0 -0.02500206
61.75 0 -0.02322766
61.8 0 -0.02132240
61.85 0 -0.01933998
61.9 0 -0.01733236
61.95 0 -0.01534756
62 0 -0.01342788
62.05 0 -0.01160877
62.1 0 -0.009918084
62.15 0 -0.008376000
62.2 0 -0.006995357
62.25 0 -0.005782371
62.3 0 -0.004737690
62.35 0 -0.003857730
62.4 0 -0.003135838
62.45 0 -0.002563729
62.5 0 -0.002132564
62.55 0 -0.001834175
62.6 0 -0.001661646
62.65 0 -0.001610067
62.7 0 -0.001676674
62.75 0 -0.001861035
62.8 0 -0.002164606
62.85 0 -0.002590340
62.9 0 -0.003141906
62.95 0 -0.003822844
63 0 -0.004635297
63.05 0 -0.005579168
63.1 0 -0.006650777
63.15 0 -0.007842029
63.2 0 -0.009139447
63.25 0 -0.01052378
63.3 0 -0.01196971
63.35 0 -0.01344623
63.4 0 -0.01491722
63.45 0 -0.01634269
63.5 0 -0.01768019
63.55 0 -0.01888673
63.6 0 -0.01992074
63.65 0 -0.02074401
63.7 0 -0.02132363
63.75 0 -0.02163362
63.8 0 -0.02165584
63.85 0 -0.02138089
63.9 0 -0.02080791
63.95 0 -0.01994429
64 0 -0.01880429
64.05 0 -0.01740802
64.1 0 -0.01577945
64.15 0 -0.01394502
64.2 0 -0.01193182
64.25 0 -0.009766519
64.3 0 -0.007474397
64.35 0 -0.005079072
64.4 0 -0.002602531
64.45 0 -6.586144e-05
64.5 0 0.002509910
64.55 0 0.005102652
64.6 0 0.007688008
64.65 0 0.01023838
64.7 0 0.01272248
64.75 0 0.01510503
64.8 0 0.01734742
64.85 0 0.01940861
64.9 0 0.02124688
64.95 0 0.02282169
65 0 0.02409611
65.05 0 0.02503898
65.1 0 0.02562702
65.15 0 0.02584666
65.2 0 0.02569497
65.25 0 0.02518021
65.3 0 0.02432146
65.35 0 0.02314762
65.4 0 0.02169575
65.45 0 0.02000900
65.5 0 0.01813416
65.55 0 0.01611934
65.6 0 0.01401164
65.65 0 0.01185514
65.7 0 0.009689474
65.75 0 0.007548650
65.8 0 0.005460700
65.85 0 0.003447478
65.9 0 0.001525063
65.95 0 -0.0002957626
66 0 -0.002008641
66.05 0 -0.003611167
66.1 0 -0.005104064
66.15 0 -0.006490836
66.2 0 -0.007777315
66.25 0 -0.008971572
66.3 0 -0.01008376
66.35 0 -0.01112607
66.4 0 -0.01211237
66.45 0 -0.01305814
66.5 0 -0.01397968
66.55 0 -0.01489347
66.6 0 -0.01581506
66.65 0 -0.01675802
66.7 0 -0.01773261
66.75 0 -0.01874465
66.8 0 -0.01979445
66.85 0 -0.02087620
66.9 0 -0.02197766
66.95 0 -0.02308022
67 0 -0.02415985
67.05 0 -0.02518805
67.1 0 -0.02613357
67.15 0 -0.02696426
67.2 0 -0.02764900
67.25 0 -0.02815986
67.3 0 -0.02847373
67.35 0 -0.02857393
67.4 0 -0.02845125
67.45 0 -0.02810446
67.5 0 -0.02754036
67.55 0 -0.02677329
67.6 0 -0.02582423
67.65 0 -0.02471952
67.7 0 -0.02348934
67.75 0 -0.02216611
67.8 0 -0.02078279
67.85 0 -0.01937151
67.9 0 -0.01796209
67.95 0 -0.01658115
68 0 -0.01525115
68.05 0 -0.01399013
68.1 0 -0.01281144
68.15 0 -0.01172395
68.2 0 -0.01073226
68.25 0 -0.009837393
68.3 0 -0.009037249
68.35 0 -0.008327441
68.4 0 -0.007701877
68.45 0 -0.007153410
68.5 0 -0.006674455
68.55 0 -0.006257398
68.6 0 -0.005894968
68.65 0 -0.005580368
68.7 0 -0.005307455
68.75 0 -0.005070568
68.8 0 -0.004864518
68.85 0 -0.004684048
68.9 0 -0.004523643
68.95 0 -0.004376869
69 0 -0.004235869
69.05 0 -0.004090480
69.1 0 -0.003927686
69.15 0 -0.003730685
69.2 0 -0.003478194
69.25 0 -0.003143725
69.3 0 -0.002695156
69.35 0 -0.002094398
69.4 0 -0.001297578
69.45 0 -0.0002555376
69.5 0 0.001084989
69.55 0 0.002779676
69.6 0 0.004884153
69.65 0 0.007450970
69.7 0 0.01052590
69.75 0 0.01414386
69.8 0 0.01832455
69.85 0 0.02306814
69.9 0 0.02835138
69.95 0 0.03412452
70 0 0.04030932
70.05 0 0.04679874
70.1 0 0.05345840
70.15 0 0.06012994
70.2 0 0.06663659
70.25 0 0.07279037
70.3 0 0.07840074
70.35 0 0.08328436
70.4 0 0.08727481
70.45 0 0.09023217
70.5 0 0.09205095
70.55 0 0.09266633
70.6 0 0.09205791
70.65 0 0.09025072
70.7 0 0.08731309
70.75 0 0.08335224
70.8 0 0.07850711
70.85 0 0.07293993
70.9 0 0.06682643
70.95 0 0.06034600
71 0 0.05367256
71.05 0 0.04696632
71.1 0 0.04036757
71.15 0 0.03399219
71.2 0 0.02792948
71.25 0 0.02224197
71.3 0 0.01696697
71.35 0 0.01211958
71.4 0 0.007696746
71.45 0 0.003681662
71.5 0 4.850219e-05
71.55 0 -0.003233421
71.6 0 -0.006195659
71.65 0 -0.008867829
71.7 0 -0.01127529
71.75 0 -0.01343798
71.8 0 -0.01536975
71.85 0 -0.01707874
71.9 0 -0.01856789
71.95 0 -0.01983628
72 0 -0.02088032
72.05 0 -0.02169525
72.1 0 -0.02227653
72.15 0 -0.02262124
72.2 0 -0.02272903
72.25 0 -0.02260304
72.3 0 -0.02225040
72.35 0 -0.02168254
72.4 0 -0.02091501
72.45 0 -0.01996718
72.5 0 -0.01886155
72.55 0 -0.01762287
72.6 0 -0.01627708
72.65 0 -0.01485000
72.7 0 -0.01336616
72.75 0 -0.01184746
72.8 0 -0.01031195
72.85 0 -0.008772747
72.9 0 -0.007237282
72.95 0 -0.005706491
73 0 -0.004174707
73.05 0 -0.002629497
73.1 0 -0.001052200
73.15 0 0.0005815295
73.2 0 0.002300421
73.25 0 0.004136311
73.3 0 0.006122133
73.35 0 0.008289959
73.4 0 0.01066840
73.45 0 0.01328022
73.5 0 0.01613960
73.55 0 0.01924953
73.6 0 0.02259965
73.65 0 0.02616436
73.7 0 0.02990169
73.75 0 0.03375318
73.8 0 0.03764439
73.85 0 0.04148714
73.9 0 0.04518232
73.95 0 0.04862430
74 0 0.05170558
74.05 0 0.05432267
74.1 0 0.05638171
74.15 0 0.05780412
74.2 0 0.05853133
74.25 0 0.05852886
74.3 0 0.05778851
74.35 0 0.05632938
74.4 0 0.05419695
74.45 0 0.05146059
74.5 0 0.04820968
74.55 0 0.04454865
74.6 0 0.04059121
74.65 0 0.03645453
74.7 0 0.03225331
74.75 0 0.02809479
74.8 0 0.02407430
74.85 0 0.02027217
74.9 0 0.01675170
74.95 0 0.01355835
75 0 0.01072011
75.05 0 0.008248644
75.1 0 0.006141327
75.15 0 0.004383544
75.2 0 0.002951460
75.25 0 0.001814597
75.3 0 0.0009384502
75.35 0 0.0002867250
75.4 0 -0.0001767806
75.45 0 -0.0004866405
75.5 0 -0.0006746768
75.55 0 -0.0007692603
75.6 0 -0.0007949390
75.65 0 -0.0007722653
75.7 0 -0.0007179739
75.75 0 -0.0006452605
75.8 0 -0.0005641093
75.85 0 -0.0004817955
75.9 0 -0.0004033610
75.95 0 -0.0003319866
76 0 -0.0002695686
76.05 0 -0.0002168952
76.1 0 -0.0001741747
76.15 0 -0.0001411672
76.2 0 -0.0001174555
76.25 0 -0.0001026417
76.3 0 -9.640165e-05
76.35 0 -9.859963e-05
76.4 0 -0.0001093758
76.45 0 -0.0001290235
76.5 0 -0.0001581527
76.55 0 -0.0001975405
76.6 0 -0.0002481030
76.65 0 -0.0003106814
76.7 0 -0.0003862556
76.75 0 -0.0004755155
76.8 0 -0.0005788339
76.85 0 -0.0006962406
76.9 0 -0.0008271509
76.95 0 -0.0009704141
77 0 -0.001124176
77.05 0 -0.001285740
77.1 0 -0.001451921
77.15 0 -0.001618735
77.2 0 -0.001781735
77.25 0 -0.001936208
77.3 0 -0.002077246
77.35 0 -0.002200148
77.4 0 -0.002300533
77.45 0 -0.002374696
77.5 0 -0.002419724
77.55 0 -0.002433764
77.6 0 -0.002415991
77.65 0 -0.002366757
77.7 0 -0.002287394
77.75 0 -0.002180227
77.8 0 -0.002048278
77.85 0 -0.001895038
77.9 0 -0.001724217
77.95 0 -0.001539394
78 0 -0.001343785
78.05 0 -0.001139962
78.1 0 -0.0009296065
78.15 0 -0.0007134293
78.2 0 -0.0004909688
78.25 0 -0.0002605846
78.3 0 -1.951192e-05
78.35 0 0.0002361323
78.4 0 0.0005112037
78.45 0 0.0008113319
78.5 0 0.001142740
78.55 0 0.001512029
78.6 0 0.001925773
78.65 0 0.002390303
78.7 0 0.002911233
78.75 0 0.003493079
78.8 0 0.004138802
78.85 0 0.004849325
78.9 0 0.005623097
78.95 0 0.006455677
79 0 0.007339348
79.05 0 0.008262929
79.1 0 0.009211753
79.15 0 0.01016773
79.2 0 0.01110981
79.25 0 0.01201457
79.3 0 0.01285705
79.35 0 0.01361185
79.4 0 0.01425424
79.45 0 0.01476148
79.5 0 0.01511391
79.55 0 0.01529614
79.6 0 0.01529765
79.65 0 0.01511343
79.7 0 0.01474390
79.75 0 0.01419467
79.8 0 0.01347553
79.85 0 0.01259958
79.9 0 0.01158149
79.95 0 0.01043605
80 0 0.009176452
80.05 0 0.007812728
80.1 0 0.006350527
80.15 0 0.004790217
80.2 0 0.003126486
80.25 0 0.001348652
80.3 0 -0.0005585223
80.35 0 -0.002613253
80.4 0 -0.004834717
80.45 0 -0.007240540
80.5 0 -0.009843930
80.55 0 -0.01265080
80.6 0 -0.01565703
80.65 0 -0.01884612
80.7 0 -0.02218750
80.75 0 -0.02563566
80.8 0 -0.02913056
80.85 0 -0.03259876
80.9 0 -0.03595623
80.95 0 -0.03911178
81 0 -0.04197162
81.05 0 -0.04444440
81.1 0 -0.04644645
81.15 0 -0.04790670
81.2 0 -0.04877120
81.25 0 -0.04900642
81.3 0 -0.04860143
81.35 0 -0.04756842
81.4 0 -0.04594185
81.45 0 -0.04377617
81.5 0 -0.04114208
81.55 0 -0.03812215
81.6 0 -0.03480579
81.65 0 -0.03128399
81.7 0 -0.02764456
81.75 0 -0.02396768
81.8 0 -0.02032257
81.85 0 -0.01676502
81.9 0 -0.01333595
81.95 0 -0.01006109
82 0 -0.006951486
82.05 0 -0.004004631
82.1 0 -0.001206314
82.15 0 0.001467497
82.2 0 0.004048270
82.25 0 0.006572798
82.3 0 0.009080904
82.35 0 0.01161327
82.4 0 0.01420918
82.45 0 0.01690453
82.5 0 0.01972938
82.55 0 0.02270595
82.6 0 0.02584622
82.65 0 0.02915003
82.7 0 0.03260319
82.75 0 0.03617623
82.8 0 0.03982379
82.85 0 0.04348494
82.9 0 0.04708450
82.95 0 0.05053562
83 0 0.05374321
83.05 0 0.05660870
83.1 0 0.05903526
83.15 0 0.06093351
83.2 0 0.06222694
83.25 0 0.06285729
83.3 0 0.06278836
83.35 0 0.06200901
83.4 0 0.06053423
83.45 0 0.05840475
83.5 0 0.05568483
83.55 0 0.05245865
83.6 0 0.04882547
83.65 0 0.04489418
83.7 0 0.04077729
83.75 0 0.03658545
83.8 0 0.03242209
83.85 0 0.02837940
83.9 0 0.02453496
83.95 0 0.02095016
84 0 0.01766910
84.05 0 0.01471937
84.1 0 0.01211308
84.15 0 0.009849095
84.2 0 0.007915261
84.25 0 0.006291264
84.3 0 0.004950958
84.35 0 0.003865031
84.4 0 0.003002826
84.45 0 0.002334137
84.5 0 0.001830273
84.55 0 0.001464851
84.6 0 0.001213986
84.65 0 0.001056292
84.7 0 0.0009724030
84.75 0 0.0009443522
84.8 0 0.0009547235
84.85 0 0.0009858371
84.9 0 0.001018815
84.95 0 0.001032910
85 0 0.001004827
85.05 0 0.0009086195
85.1 0 0.0007156836
85.15 0 0.0003953438
85.2 0 -8.412999e-05
85.25 0 -0.0007540298
85.3 0 -0.001643298
85.35 0 -0.002776354
85.4 0 -0.004170533
85.45 0 -0.005833828
85.5 0 -0.007762571
85.55 0 -0.009939760
85.6 0 -0.01233402
85.65 0 -0.01489940
85.7 0 -0.01757628
85.75 0 -0.02029324
85.8 0 -0.02297006
85.85 0 -0.02552148
85.9 0 -0.02786169
85.95 0 -0.02990905
86 0 -0.03159086
86.05 0 -0.03284760
86.1 0 -0.03363638
86.15 0 -0.03393347
86.2 0 -0.03373546
86.25 0 -0.03305902
86.3 0 -0.03193951
86.35 0 -0.03042823
86.4 0 -0.02858912
86.45 0 -0.02649443
86.5 0 -0.02422055
86.55 0 -0.02184357
86.6 0 -0.01943567
86.65 0 -0.01706176
86.7 0 -0.01477714
86.75 0 -0.01262596
86.8 0 -0.01064062
86.85 0 -0.008841754
86.9 0 -0.007239218
86.95 0 -0.005833115
87 0 -0.004615559
87.05 0 -0.003572230
87.1 0 -0.002684184
87.15 0 -0.001929212
87.2 0 -0.001283478
87.25 0 -0.0007223060
87.3 0 -0.0002211645
87.35 0 0.0002438558
87.4 0 0.0006956586
87.45 0 0.001156079
87.5 0 0.001645725
87.55 0 0.002184219
87.6 0 0.002789985
87.65 0 0.003480503
87.7 0 0.004271977
87.75 0 0.005179372
87.8 0 0.006215824
87.85 0 0.007392306
87.9 0 0.008716849
87.95 0 0.01019401
88 0 0.01182383
88.05 0 0.01360125
88.1 0 0.01551541
88.15 0 0.01754925
88.2 0 0.01967919
88.25 0 0.02187552
88.3 0 0.02410286
88.35 0 0.02632136
88.4 0 0.02848792
88.45 0 0.03055808
88.5 0 0.03248799
88.55 0 0.03423640
88.6 0 0.03576657
88.65 0 0.03704806
88.7 0 0.03805794
88.75 0 0.03878170
88.8 0 0.03921338
88.85 0 0.03935537
88.9 0 0.03921762
88.95 0 0.03881643
89 0 0.03817293
89.05 0 0.03731170
89.1 0 0.03625910
89.15 0 0.03504195
89.2 0 0.03368649
89.25 0 0.03221747
89.3 0 0.03065774
89.35 0 0.02902809
89.4 0 0.02734708
89.45 0 0.02563137
89.5 0 0.02389584
89.55 0 0.02215384
89.6 0 0.02041724
89.65 0 0.01869667
89.7 0 0.01700135
89.75 0 0.01533909
89.8 0 0.01371609
89.85 0 0.01213701
89.9 0 0.01060469
89.95 0 0.009120382
90 0 0.007683886
90.05 0 0.006293783
90.1 0 0.004947889
90.15 0 0.003643824
90.2 0 0.002379526
90.25 0 0.001153895
90.3 0 -3.274222e-05
90.35 0 -0.001177990
90.4 0 -0.002277323
90.45 0 -0.003323623
90.5 0 -0.004307583
90.55 0 -0.005217658
90.6 0 -0.006040823
90.65 0 -0.006762980
90.7 0 -0.007369866
90.75 0 -0.007847769
90.8 0 -0.008184435
90.85 0 -0.008369623
90.9 0 -0.008395860
90.95 0 -0.008258668
91 0 -0.007956821
91.05 0 -0.007492173
91.1 0 -0.006869465
91.15 0 -0.006095631
91.2 0 -0.005179449
91.25 0 -0.004130490
91.3 0 -0.002958665
91.35 0 -0.001673243
91.4 0 -0.0002824530
91.45 0 0.001207201
91.5 0 0.002791179
91.55 0 0.004467232
91.6 0 0.006235162
91.65 0 0.008096907
91.7 0 0.01005597
91.75 0 0.01211698
91.8 0 0.01428486
91.85 0 0.01656398
91.9 0 0.01895708
91.95 0 0.02146424
92 0 0.02408147
92.05 0 0.02679993
92.1 0 0.02960468
92.15 0 0.03247418
92.2 0 0.03537984
92.25 0 0.03828619
92.3 0 0.04115147
92.35 0 0.04392885
92.4 0 0.04656798
92.45 0 0.04901705
92.5 0 0.05122514
92.55 0 0.05314457
92.6 0 0.05473311
92.65 0 0.05595603
92.7 0 0.05678768
92.75 0 0.05721242
92.8 0 0.05722505
92.85 0 0.05683064
92.9 0 0.05604383
92.95 0 0.05488777
93 0 0.05339282
93.05 0 0.05159511
93.1 0 0.04953517
93.15 0 0.04725671
93.2 0 0.04480559
93.25 0 0.04222884
93.3 0 0.03957402
93.35 0 0.03688853
93.4 0 0.03421891
93.45 0 0.03161011
93.5 0 0.02910469
93.55 0 0.02674176
93.6 0 0.02455581
93.65 0 0.02257562
93.7 0 0.02082310
93.75 0 0.01931225
93.8 0 0.01804850
93.85 0 0.01702820
93.9 0 0.01623882
93.95 0 0.01565938
94 0 0.01526157
94.05 0 0.01501108
94.1 0 0.01486951
94.15 0 0.01479636
94.2 0 0.01475128
94.25 0 0.01469604
94.3 0 0.01459657
94.35 0 0.01442450
94.4 0 0.01415835
94.45 0 0.01378424
94.5 0 0.01329595
94.55 0 0.01269479
94.6 0 0.01198859
94.65 0 0.01119070
94.7 0 0.01031851
94.75 0 0.009392026
94.8 0 0.008432182
94.85 0 0.007459518
94.9 0 0.006492900
94.95 0 0.005548558
95 0 0.004639432
95.05 0 0.003774749
95.1 0 0.002960006
95.15 0 0.002197180
95.2 0 0.001485089
95.25 0 0.0008199235
95.3 0 0.0001959140
95.35 0 -0.0003940234
95.4 0 -0.0009575970
95.45 0 -0.001502628
95.5 0 -0.002036365
95.55 0 -0.002565148
95.6 0 -0.003093921
95.65 0 -0.003625984
95.7 0 -0.004162733
95.75 0 -0.004703496
95.8 0 -0.005245395
95.85 0 -0.005783470
95.9 0 -0.006310529
95.95 0 -0.006817522
96 0 -0.007293680
96.05 0 -0.007726925
96.1 0 -0.008104302
96.15 0 -0.008412600
96.2 0 -0.008638830
96.25 0 -0.008771013
96.3 0 -0.008798754
96.35 0 -0.008713792
96.4 0 -0.008510536
96.45 0 -0.008186360
96.5 0 -0.007741872
96.55 0 -0.007180915
96.6 0 -0.006510389
96.65 0 -0.005739966
96.7 0 -0.004881671
96.75 0 -0.003949269
96.8 0 -0.002957751
96.85 0 -0.001922507
96.9 0 -0.0008587294
96.95 0 0.0002192329
97 0 0.001298595
97.05 0 0.002368642
97.1 0 0.003421290
97.15 0 0.004451412
97.2 0 0.005457163
97.25 0 0.006440130
97.3 0 0.007405207
97.35 0 0.008360466
97.4 0 0.009316601
97.45 0 0.01028645
97.5 0 0.01128400
97.55 0 0.01232358
97.6 0 0.01341861
97.65 0 0.01458067
97.7 0 0.01581826
97.75 0 0.01713598
97.8 0 0.01853364
97.85 0 0.02000582
97.9 0 0.02154157
97.95 0 0.02312447
98 0 0.02473297
98.05 0 0.02634109
98.1 0 0.02791911
98.15 0 0.02943484
98.2 0 0.03085467
98.25 0 0.03214497
98.3 0 0.03327341
98.35 0 0.03421040
98.4 0 0.03493035
98.45 0 0.03541301
98.5 0 0.03564463
98.55 0 0.03561884
98.6 0 0.03533746
98.65 0 0.03481074
98.7 0 0.03405740
98.75 0 0.03310409
98.8 0 0.03198451
98.85 0 0.03073784
98.9 0 0.02940712
98.95 0 0.02803684
99 0 0.02667081
99.05 0 0.02534962
99.1 0 0.02410850
99.15 0 0.02297534
99.2 0 0.02196933
99.25 0 0.02109997
99.3 0 0.02036699
99.35 0 0.01976071
99.4 0 0.01926330
99.45 0 0.01885024
99.5 0 0.01849247
99.55 0 0.01815852
99.6 0 0.01781687
99.65 0 0.01743799
99.7 0 0.01699622
99.75 0 0.01647099
99.8 0 0.01584787
99.85 0 0.01511870
99.9 0 0.01428149
99.95 0 0.01333963
100 0 0.01230093
100.05 0 0.01117617
100.1 0 0.009977886
100.15 0 0.008718850
100.2 0 0.007410962
100.25 0 0.006064231
100.3 0 0.004686231
100.35 0 0.003281863
100.4 0 0.001853537
100.45 0 0.0004016908
100.5 0 -0.001074329
100.55 0 -0.002575290
100.6 0 -0.004100818
100.65 0 -0.005648281
100.7 0 -0.007211620
100.75 0 -0.008780504
100.8 0 -0.01033966
100.85 0 -0.01186865
100.9 0 -0.01334180
100.95 0 -0.01472877
101 0 -0.01599522
101.05 0 -0.01710389
101.1 0 -0.01801587
101.15 0 -0.01869201
101.2 0 -0.01909443
101.25 0 -0.01918794
101.3 0 -0.01894154
101.35 0 -0.01832967
101.4 0 -0.01733347
101.45 0 -0.01594185
101.5 0 -0.01415233
101.55 0 -0.01197193
101.6 0 -0.009417776
101.65 0 -0.006517630
101.7 0 -0.003309976
101.75 0 0.0001558587
101.8 0 0.003820159
101.85 0 0.007613689
101.9 0 0.01145913
101.95 0 0.01527296
102 0 0.01896787
102.05 0 0.02245587
102.1 0 0.02565160
102.15 0 0.02847630
102.2 0 0.03086069
102.25 0 0.03274900
102.3 0 0.03410152
102.35 0 0.03489637
102.4 0 0.03513111
102.45 0 0.03482252
102.5 0 0.03400537
102.55 0 0.03273064
102.6 0 0.03106241
102.65 0 0.02907415
102.7 0 0.02684507
102.75 0 0.02445556
102.8 0 0.02198382
102.85 0 0.01950239
102.9 0 0.01707521
102.95 0 0.01475596
103 0 0.01258671
103.05 0 0.01059793
103.1 0 0.008808605
103.15 0 0.007227421
103.2 0 0.005854040
103.25 0 0.004680969
103.3 0 0.003695145
103.35 0 0.002879668
103.4 0 0.002215520
103.45 0 0.001682803
103.5 0 0.001261890
103.55 0 0.0009341799
103.6 0 0.0006827861
103.65 0 0.0004926696
103.7 0 0.0003509708
103.75 0 0.0002468564
103.8 0 0.0001714006
103.85 0 0.0001174882
103.9 0 7.951446e-05
103.95 0 5.312078e-05
104 0 3.504194e-05
104.05 0 2.281554e-05
104.1 0 1.467206e-05
104.15 0 9.310432e-06
104.2 0 5.837530e-06
104.25 0 3.597699e-06
104.3 0 2.198853e-06
104.35 0 1.329929e-06
104.4 0 7.897615e-07
104.45 0 4.582107e-07
104.5 0 2.644956e-07
104.55 0 1.452863e-07
104.6 0 8.661300e-08
104.65 0 4.097819e-08
104.7 0 1.955777e-08
104.75 0 4.656613e-09
104.8 0 1.862645e-09
104.85 0 -1.210719e-08
104.9 0 -1.862645e-09
104.95 0 -1.117587e-08
105 0 -5.587935e-09
105.05 0 -1.862645e-08
105.1 0 -3.725290e-09
105.15 0 -9.313226e-09
105.2 0 -9.313226e-09
105.25 0 -1.862645e-08
105.3 0 1.862645e-09
105.35 0 -1.676381e-08
105.4 0 -9.313226e-09
105.45 0 -3.725290e-09
105.5 0 -3.725290e-09
105.55 0 -7.450581e-09
105.6 0 -7.450581e-09
105.65 0 -1.117587e-08
105.7 0 1.117587e-08
105.75 0 -2.235174e-08
105.8 0 7.450581e-09
105.85 0 -1.490116e-08
105.9 0 2.235174e-08
105.95 0 -3.725290e-09
106 0 1.117587e-08
106.05 0 -1.490116e-08
106.1 0 1.490116e-08
106.15 0 2.235174e-08
106.2 0 0.000000
106.25 0 -2.235174e-08
106.3 0 7.450581e-09
106.35 0 -7.450581e-09
106.4 0 0.000000
106.45 0 -2.235174e-08
106.5 0 0.000000
106.55 0 7.450581e-09
106.6 0 1.117587e-08
106.65 0 -1.490116e-08
106.7 0 1.862645e-08
106.75 0 3.725290e-09
106.8 0 1.862645e-08
106.85 0 3.725290e-09
106.9 0 1.117587e-08
106.95 0 2.421439e-08
107 0 2.048910e-08
107.05 0 1.490116e-08
107.1 0 2.980232e-08
107.15 0 1.862645e-08
107.2 0 1.769513e-08
107.25 0 1.117587e-08
107.3 0 2.048910e-08
107.35 0 4.656613e-09
107.4 0 1.210719e-08
107.45 0 0.000000
107.5 0 1.117587e-08
107.55 0 -1.862645e-09
107.6 0 3.725290e-09
107.65 0 -1.396984e-08
107.7 0 4.656613e-09
107.75 0 -7.450581e-09
107.8 0 -1.862645e-09
107.85 0 -1.117587e-08
107.9 0 -1.862645e-09
107.95 0 -9.313226e-09
108 0 -3.725290e-09
108.05 0 -1.676381e-08
108.1 0 5.587935e-09
108.15 0 1.862645e-09
108.2 0 -1.862645e-09
108.25 0 -1.117587e-08
108.3 0 -3.725290e-09
108.35 0 -3.725290e-09
108.4 0 -1.862645e-09
108.45 0 -7.450581e-09
108.5 0 -1.862645e-09
108.55 0 1.676381e-08
108.6 0 -1.490116e-08
108.65 0 -1.862645e-09
108.7 0 -9.313226e-09
108.75 0 -1.024455e-08
108.8 0 -1.210719e-08
108.85 0 -2.793968e-09
108.9 0 3.725290e-09
108.95 0 -6.519258e-09
109 0 -9.313226e-09
109.05 0 -1.955777e-08
109.1 0 -7.916242e-09
109.15 0 -1.396984e-08
109.2 0 -2.793968e-09
109.25 0 -3.259629e-09
109.3 0 -1.071021e-08
109.35 0 -1.920853e-09
109.4 0 -5.820766e-11
109.45 0 -7.799827e-09
109.5 0 -1.658918e-08
109.55 0 -1.979060e-09
109.6 0 2.910383e-09
109.65 0 -5.820766e-09
109.7 0 -3.259629e-09
109.75 0 4.423782e-09
109.8 0 3.725290e-09
109.85 0 6.053597e-09
109.9 0 0.000000
109.95 0 6.519258e-09
110 0 9.313226e-09
110.05 0 3.259629e-09
110.1 0 -3.725290e-09
110.15 0 8.381903e-09
110.2 0 1.024455e-08
110.25 0 7.450581e-09
110.3 0 5.587935e-09
110.35 0 6.519258e-09
110.4 0 1.396984e-08
110.45 0 0.000000
110.5 0 9.313226e-09
110.55 0 5.587935e-09
110.6 0 1.862645e-08
110.65 0 1.862645e-08
110.7 0 5.587935e-09
110.75 0 6.984919e-09
110.8 0 1.909211e-08
110.85 0 4.190952e-09
110.9 0 1.629815e-08
110.95 0 1.373701e-08
111 0 1.885928e-08
111.05 0 9.778887e-09
111.1 0 6.519258e-09
111.15 0 9.604264e-09
111.2 0 2.339948e-08
111.25 0 1.024455e-08
111.3 0 2.235174e-08
111.35 0 1.769513e-08
111.4 0 2.235174e-08
111.45 0 1.257285e-08
111.5 0 1.862645e-08
111.55 0 1.210719e-08
111.6 0 3.352761e-08
111.65 0 9.313226e-09
111.7 0 1.117587e-08
111.75 0 2.048910e-08
111.8 0 1.490116e-08
111.85 0 3.725290e-09
111.9 0 9.313226e-10
111.95 0 3.725290e-09
112 0 3.725290e-09
112.05 0 -1.862645e-09
112.1 0 7.450581e-09
112.15 0 -1.862645e-09
112.2 0 9.313226e-09
112.25 0 7.450581e-09
112.3 0 -7.450581e-09
112.35 0 -1.676381e-08
112.4 0 7.450581e-09
112.45 0 -1.117587e-08
112.5 0 3.725290e-09
112.55 0 -5.587935e-09
112.6 0 0.000000
112.65 0 -3.725290e-09
112.7 0 5.587935e-09
112.75 0 -2.235174e-08
112.8 0 -3.725290e-09
112.85 0 -2.235174e-08
112.9 0 -7.450581e-09
112.95 0 -1.490116e-08
113 0 -7.450581e-09
113.05 0 -2.235174e-08
113.1 0 -7.450581e-09
113.15 0 -1.490116e-08
113.2 0 0.000000
113.25 0 -2.607703e-08
113.3 0 -1.862645e-08
113.35 0 -1.490116e-08
113.4 0 -1.676381e-08
113.45 0 -3.166497e-08
113.5 0 -5.587935e-09
113.55 0 -3.166497e-08
113.6 0 -9.313226e-09
113.65 0 -2.048910e-08
113.7 0 -1.303852e-08
113.75 0 -1.862645e-08
113.8 0 -1.024455e-08
113.85 0 -7.450581e-09
113.9 0 -3.725290e-09
113.95 0 -1.210719e-08
114 0 0.000000
114.05 0 -3.259629e-09
114.1 0 -1.490116e-08
114.15 0 -1.210719e-08
114.2 0 -4.656613e-09
114.25 0 -7.683411e-09
114.3 0 -5.355105e-09
114.35 0 -8.847564e-09
114.4 0 3.492460e-09
114.45 0 -4.889444e-09
114.5 0 -5.122274e-09
114.55 0 -1.071021e-08
114.6 0 -1.234002e-08
114.65 0 2.328306e-09
114.7 0 4.656613e-10
114.75 0 1.862645e-09
114.8 0 -8.381903e-09
114.85 0 9.313226e-10
114.9 0 -9.313226e-09
114.95 0 -2.328306e-08
115 0 9.313226e-10
115.05 0 5.587935e-09
115.1 0 1.490116e-08
115.15 0 1.862645e-08
115.2 0 2.793968e-08
115.25 0 2.421439e-08
115.3 0 2.980232e-08
115.35 0 0.000000
115.4 0 2.607703e-08
115.45 0 1.862645e-08
115.5 0 2.980232e-08
115.55 0 2.980232e-08
115.6 0 2.235174e-08
115.65 0 1.117587e-08
115.7 0 2.980232e-08
115.75 0 7.450581e-09
115.8 0 7.450581e-09
115.85 0 1.117587e-08
115.9 0 7.450581e-09
115.95 0 -3.725290e-09
116 0 1.490116e-08
116.05 0 3.725290e-09
116.1 0 1.117587e-08
116.15 0 -7.450581e-09
116.2 0 2.235174e-08
116.25 0 1.303852e-08
116.3 0 3.725290e-09
116.35 0 0.000000
116.4 0 1.490116e-08
116.45 0 -5.587935e-09
116.5 0 5.587935e-09
116.55 0 9.313226e-10
116.6 0 1.024455e-08
116.65 0 1.862645e-09
116.7 0 1.117587e-08
116.75 0 -1.862645e-09
116.8 0 8.847564e-09
116.85 0 -4.656613e-10
116.9 0 1.396984e-09
116.95 0 -6.984919e-09
117 0 -9.313226e-10
117.05 0 -9.778887e-09
117.1 0 3.958121e-09
117.15 0 -1.222361e-08
117.2 0 -3.608875e-09
117.25 0 -1.338776e-08
117.3 0 -7.334165e-09
117.35 0 -2.200250e-08
117.4 0 -4.976755e-09
117.45 0 -1.445005e-08
117.5 0 -1.597073e-08
117.55 0 -2.051820e-08
117.6 0 -1.530861e-08
117.65 0 -8.847564e-09
117.7 0 -1.187436e-08
117.75 0 -1.583248e-08
117.8 0 -1.559965e-08
117.85 0 -1.071021e-08
117.9 0 -8.614734e-09
117.95 0 -1.257285e-08
118 0 -8.847564e-09
118.05 0 -7.450581e-09
118.1 0 8.847564e-09
118.15 0 -1.024455e-08
118.2 0 -2.793968e-09
118.25 0 9.313226e-10
118.3 0 -1.117587e-08
118.35 0 -9.313226e-10
118.4 0 -1.862645e-08
118.45 0 1.117587e-08
118.5 0 3.725290e-09
118.55 0 -1.862645e-09
118.6 0 -1.862645e-09
118.65 0 -1.862645e-09
118.7 0 -1.490116e-08
118.75 0 7.450581e-09
118.8 0 -9.313226e-09
118.85 0 1.862645e-09
118.9 0 -5.587935e-09
118.95 0 -5.587935e-09
119 0 -1.303852e-08
119.05 0 0.000000
119.1 0 -9.313226e-09
119.15 0 1.862645e-09
119.2 0 -3.725290e-09
119.25 0 3.725290e-09
119.3 0 -4.656613e-09
119.35 0 -8.381903e-09
119.4 0 -1.862645e-09
119.45 0 3.725290e-09
119.5 0 -6.519258e-09
119.55 0 0.000000
119.6 0 7.916242e-09
119.65 0 4.656613e-09
119.7 0 1.862645e-09
119.75 0 4.190952e-09
119.8 0 1.862645e-09
119.85 0 3.259629e-09
119.9 0 5.587935e-09
119.95 0 6.984919e-09
120 0 1.303852e-08
120.05 0 1.769513e-08
120.1 0 1.396984e-08
120.15 0 1.117587e-08
120.2 0 1.024455e-08
120.25 0 1.117587e-08
120.3 0 1.490116e-08
120.35 0 1.676381e-08
120.4 0 2.514571e-08
120.45 0 5.587935e-09
120.5 0 2.793968e-08
120.55 0 1.955777e-08
120.6 0 1.490116e-08
120.65 0 1.024455e-08
120.7 0 1.862645e-08
120.75 0 9.313226e-09
120.8 0 1.490116e-08
120.85 0 1.583248e-08
120.9 0 1.955777e-08
120.95 0 1.303852e-08
121 0 1.490116e-08
121.05 0 1.769513e-08
121.1 0 1.303852e-08
121.15 0 1.024455e-08
121.2 0 6.053597e-09
121.25 0 1.071021e-08
121.3 0 1.583248e-08
121.35 0 6.519258e-09
121.4 0 2.165325e-08
121.45 0 8.149073e-09
121.5 0 -6.519258e-09
121.55 0 -8.498318e-09
121.6 0 -9.196810e-09
121.65 0 -1.024455e-08
121.7 0 1.033186e-09
121.75 0 1.542503e-08
121.8 0 4.481990e-09
121.85 0 6.577466e-09
121.9 0 -4.307367e-09
121.95 0 -8.265488e-09
122 0 -7.683411e-09
122.05 0 -6.286427e-09
122.1 0 -7.916242e-09
122.15 0 -5.122274e-09
122.2 0 7.916242e-09
122.25 0 1.315493e-08
122.3 0 -4.423782e-09
122.35 0 -2.561137e-09
122.4 0 6.752089e-09
122.45 0 6.752089e-09
122.5 0 -5.238689e-10
122.55 0 2.793968e-09
122.6 0 3.783498e-09
122.65 0 2.031447e-08
122.7 0 -4.249159e-09
122.75 0 -2.968591e-09
122.8 0 -6.810296e-09
122.85 0 3.827154e-09
122.9 0 -9.546056e-09
122.95 0 -6.388291e-09
123 0 -5.973561e-09
123.05 0 7.348717e-10
123.1 0 -9.775249e-09
123.15 0 -1.992157e-08
123.2 0 -8.205461e-09
123.25 0 -4.303729e-09
123.3 0 -2.184970e-08
123.35 0 -8.207280e-09
123.4 0 -1.068111e-08
123.45 0 -6.970367e-09
123.5 0 -1.868466e-08
123.55 0 -4.103640e-09
123.6 0 -5.995389e-09
123.65 0 -3.899913e-09
123.7 0 -1.234002e-08
123.75 0 -8.265488e-09
123.8 0 -2.793968e-09
123.85 0 -9.313226e-10
123.9 0 -6.286427e-09
123.95 0 3.376044e-09
124 0 5.937181e-09
124.05 0 7.450581e-09
124.1 0 -6.752089e-09
124.15 0 3.026798e-09
124.2 0 6.053597e-09
124.25 0 1.466833e-08
124.3 0 -7.450581e-09
124.35 0 6.053597e-09
124.4 0 2.002344e-08
124.45 0 -2.095476e-09
124.5 0 0.000000
124.55 0 6.053597e-09
124.6 0 -4.656613e-10
124.65 0 5.587935e-09
124.7 0 0.000000
124.75 0 -9.313226e-09
124.8 0 7.450581e-09
124.85 0 -1.396984e-09
124.9 0 1.862645e-09
124.95 0 2.793968e-09
125 0 4.656613e-09
125.05 0 9.313226e-09
125.1 0 1.210719e-08
125.15 0 1.024455e-08
125.2 0 1.862645e-08
125.25 0 1.117587e-08
125.3 0 1.676381e-08
125.35 0 7.450581e-09
125.4 0 1.303852e-08
125.45 0 1.676381e-08
125.5 0 1.676381e-08
125.55 0 1.303852e-08
125.6 0 9.313226e-09
125.65 0 1.303852e-08
125.7 0 1.117587e-08
125.75 0 2.421439e-08
125.8 0 -1.862645e-09
125.85 0 1.303852e-08
125.9 0 7.450581e-09
125.95 0 4.656613e-09
126 0 1.490116e-08
126.05 0 1.583248e-08
126.1 0 9.313226e-09
126.15 0 1.816079e-08
126.2 0 1.210719e-08
126.25 0 1.769513e-08
126.3 0 2.561137e-08
126.35 0 1.187436e-08
126.4 0 1.350418e-08
126.45 0 1.187436e-08
126.5 0 2.351590e-08
126.55 0 1.175795e-08
126.6 0 1.525041e-08
126.65 0 7.683411e-09
126.7 0 1.362059e-08
126.75 0 4.656613e-09
126.8 0 1.036096e-08
126.85 0 4.889444e-09
126.9 0 9.080395e-09
126.95 0 -6.053597e-09
127 0 4.656613e-09
127.05 0 -5.820766e-09
127.1 0 4.656613e-09
127.15 0 -4.656613e-09
127.2 0 -8.381903e-09
127.25 0 -4.656613e-10
127.3 0 0.000000
127.35 0 -1.117587e-08
127.4 0 -1.024455e-08
127.45 0 0.000000
127.5 0 -2.793968e-09
127.55 0 -9.313226e-10
127.6 0 -1.303852e-08
127.65 0 -2.980232e-08
127.7 0 1.955777e-08
127.75 0 -1.490116e-08
127.8 0 4.656613e-09
127.85 0 -3.725290e-08
127.9 0 -3.073364e-08
127.95 0 3.725290e-09
128 0 -5.587935e-09
128.05 0 -1.769513e-08
128.1 0 1.210719e-08
128.15 0 -3.259629e-09
128.2 0 1.303852e-08
128.25 0 -6.984919e-09
128.3 0 -1.071021e-08
128.35 0 -8.847564e-09
128.4 0 0.000000
128.45 0 4.656613e-10
128.5 0 2.328306e-10
128.55 0 -2.328306e-10
128.6 0 -1.478475e-08
128.65 0 -1.594890e-08
128.7 0 -1.245644e-08
128.75 0 -1.117587e-08
128.8 0 -1.012813e-08
128.85 0 -6.635673e-09
128.9 0 -2.107117e-08
128.95 0 -1.932494e-08
129 0 -3.376044e-09
129.05 0 -1.781154e-08
129.1 0 -1.373701e-08
129.15 0 -1.350418e-08
129.2 0 -1.862645e-09
129.25 0 -1.862645e-09
129.3 0 -3.259629e-09
129.35 0 -8.381903e-09
129.4 0 -1.443550e-08
129.45 0 3.259629e-09
129.5 0 4.656613e-10
129.55 0 1.862645e-09
129.6 0 4.656613e-09
129.65 0 2.793968e-09
129.7 0 5.587935e-09
129.75 0 0.000000
129.8 0 1.396984e-08
129.85 0 1.583248e-08
129.9 0 1.490116e-08
129.95 0 1.117587e-08
130 0 1.955777e-08
130.05 0 2.514571e-08
130.1 0 2.142042e-08
130.15 0 2.607703e-08
130.2 0 2.235174e-08
130.25 0 2.421439e-08
130.3 0 2.328306e-08
130.35 0 2.421439e-08
130.4 0 2.048910e-08
130.45 0 2.421439e-08
130.5 0 6.053597e-09
130.55 0 1.583248e-08
130.6 0 1.862645e-08
130.65 0 8.847564e-09
130.7 0 1.396984e-08
130.75 0 5.587935e-09
130.8 0 4.190952e-09
130.85 0 2.072193e-08
130.9 0 4.423782e-09
130.95 0 -4.656613e-10
131 0 -3.143214e-09
131.05 0 -8.498318e-09
131.1 0 1.440640e-09
131.15 0 1.338776e-09
131.2 0 9.895302e-10
131.25 0 -1.455192e-08
131.3 0 -1.327135e-08
131.35 0 -1.094304e-08
131.4 0 -1.583248e-08
131.45 0 -2.072193e-08
131.5 0 -2.211891e-08
131.55 0 -2.258457e-08
131.6 0 -2.048910e-08
131.65 0 -1.606531e-08
131.7 0 -1.490116e-08
131.75 0 -2.281740e-08
131.8 0 -2.235174e-08
131.85 0 -2.048910e-08
131.9 0 -1.676381e-08
131.95 0 -1.583248e-08
132 0 -1.210719e-08
132.05 0 0.000000
132.1 0 -1.001172e-08
132.15 0 5.587935e-09
132.2 0 -4.190952e-09
132.25 0 -6.053597e-09
132.3 0 3.026798e-09
132.35 0 -2.793968e-09
132.4 0 8.614734e-09
132.45 0 6.286427e-09
132.5 0 4.889444e-09
132.55 0 5.122274e-09
132.6 0 4.714821e-09
132.65 0 6.162736e-09
132.7 0 3.172318e-09
132.75 0 2.037268e-09
132.8 0 7.217750e-09
132.85 0 -3.958121e-09
132.9 0 -1.396984e-09
132.95 0 -1.024455e-08
133 0 -6.519258e-09
133.05 0 -9.313226e-09
133.1 0 4.889444e-09
133.15 0 -1.210719e-08
133.2 0 -6.286427e-09
133.25 0 -1.047738e-08
133.3 0 -7.450581e-09
133.35 0 -1.490116e-08
133.4 0 -5.587935e-09
133.45 0 -1.303852e-08
133.5 0 7.450581e-09
133.55 0 2.793968e-09
133.6 0 3.725290e-09
133.65 0 3.725290e-09
133.7 0 5.587935e-09
133.75 0 5.587935e-09
133.8 0 1.676381e-08
133.85 0 1.490116e-08
133.9 0 2.607703e-08
133.95 0 1.490116e-08
134 0 2.048910e-08
134.05 0 2.048910e-08
134.1 0 1.490116e-08
134.15 0 1.490116e-08
134.2 0 7.450581e-09
134.25 0 1.117587e-08
134.3 0 1.862645e-08
134.35 0 -1.117587e-08
134.4 0 -3.725290e-09
134.45 0 -1.117587e-08
134.5 0 -5.587935e-09
134.55 0 -1.117587e-08
134.6 0 -5.587935e-09
134.65 0 -1.117587e-08
134.7 0 -3.725290e-09
134.75 0 -2.048910e-08
134.8 0 -1.490116e-08
134.85 0 -8.381903e-09
134.9 0 7.450581e-09
134.95 0 -3.725290e-09
135 0 -9.313226e-10
135.05 0 -6.053597e-09
135.1 0 -1.164153e-08
135.15 0 -1.303852e-08
135.2 0 2.793968e-09
135.25 0 1.164153e-09
135.3 0 -4.656613e-09
135.35 0 5.122274e-09
135.4 0 9.080395e-09
135.45 0 7.334165e-09
135.5 0 1.001172e-08
135.55 0 -6.053597e-09
135.6 0 2.444722e-09
135.65 0 8.265488e-09
135.7 0 8.614734e-09
135.75 0 5.122274e-09
135.8 0 6.519258e-09
135.85 0 3.958121e-09
135.9 0 1.187436e-08
135.95 0 1.396984e-09
136 0 1.071021e-08
136.05 0 8.149073e-09
136.1 0 1.210719e-08
136.15 0 1.862645e-09
136.2 0 9.778887e-09
136.25 0 7.916242e-09
136.3 0 9.080395e-09
136.35 0 2.561137e-09
136.4 0 -4.656613e-10
136.45 0 0.000000
136.5 0 6.984919e-09
136.55 0 -1.187436e-08
136.6 0 -4.889444e-09
136.65 0 -1.629815e-09
136.7 0 3.376044e-09
136.75 0 9.313226e-10
136.8 0 9.895302e-10
136.85 0 -6.984919e-09
136.9 0 -8.796633e-09
136.95 0 -1.388253e-08
137 0 -3.201421e-09
137.05 0 -1.629815e-09
137.1 0 6.984919e-09
137.15 0 -1.862645e-09
137.2 0 -7.217750e-09
137.25 0 -3.725290e-09
137.3 0 -7.916242e-09
137.35 0 -1.443550e-08
137.4 0 2.793968e-09
137.45 0 -1.862645e-09
137.5 0 -6.984919e-09
137.55 0 -4.656613e-09
137.6 0 -2.793968e-09
137.65 0 0.000000
137.7 0 0.000000
137.75 0 -1.303852e-08
137.8 0 1.396984e-08
137.85 0 -1.862645e-09
137.9 0 -9.313226e-09
137.95 0 -1.490116e-08
138 0 2.793968e-09
138.05 0 9.313226e-09
138.1 0 0.000000
138.15 0 1.862645e-09
138.2 0 9.313226e-10
138.25 0 -4.656613e-10
138.3 0 5.122274e-09
138.35 0 -6.053597e-09
138.4 0 -6.752089e-09
138.45 0 -1.396984e-09
138.5 0 -5.587935e-09
138.55 0 8.789357e-09
138.6 0 4.278263e-09
138.65 0 -7.799827e-09
138.7 0 -3.725290e-09
138.75 0 -6.053597e-09
138.8 0 -4.656613e-09
138.85 0 -9.313226e-09
138.9 0 -9.313226e-09
138.95 0 0.000000
139 0 -2.793968e-09
139.05 0 -5.587935e-09
139.1 0 -5.587935e-09
139.15 0 0.000000
139.2 0 6.519258e-09
139.25 0 1.862645e-09
139.3 0 5.587935e-09
139.35 0 7.450581e-09
139.4 0 1.862645e-09
139.45 0 1.862645e-09
139.5 0 3.725290e-09
139.55 0 -3.725290e-09
139.6 0 -1.862645e-09
139.65 0 -1.862645e-09
139.7 0 5.587935e-09
139.75 0 0.000000
139.8 0 -1.862645e-09
139.85 0 -1.117587e-08
139.9 0 5.587935e-09
139.95 0 -1.490116e-08
140 0 -1.862645e-09
140.05 0 -7.450581e-09
140.1 0 8.381903e-09
140.15 0 -6.519258e-09
140.2 0 1.396984e-09
140.25 0 -1.164153e-08
140.3 0 2.002344e-08
140.35 0 -6.519258e-09
140.4 0 1.699664e-08
140.45 0 1.047738e-08
140.5 0 2.793968e-08
140.55 0 1.257285e-08
140.6 0 1.909211e-08
140.65 0 2.374873e-08
140.7 0 1.210719e-08
140.75 0 -7.450581e-09
140.8 0 1.490116e-08
140.85 0 1.024455e-08
140.9 0 2.421439e-08
140.95 0 5.587935e-09
141 0 2.328306e-08
141.05 0 1.862645e-08
141.1 0 1.769513e-08
141.15 0 -5.587935e-09
141.2 0 1.443550e-08
141.25 0 -2.328306e-09
141.3 0 -1.676381e-08
141.35 0 -1.396984e-08
141.4 0 -1.327135e-08
141.45 0 -2.095476e-09
141.5 0 -1.001172e-08
141.55 0 -2.002344e-08
141.6 0 -1.810258e-08
141.65 0 -1.370790e-08
141.7 0 -1.158332e-08
141.75 0 -2.200250e-08
141.8 0 -1.792796e-08
141.85 0 -2.956949e-08
141.9 0 -1.769513e-08
141.95 0 -1.536682e-08
142 0 -1.862645e-08
142.05 0 -1.909211e-08
142.1 0 -5.587935e-09
142.15 0 -2.048910e-08
142.2 0 -4.656613e-09
142.25 0 -1.303852e-08
142.3 0 1.862645e-09
142.35 0 -7.450581e-09
142.4 0 -7.450581e-09
142.45 0 -2.235174e-08
142.5 0 1.862645e-09
142.55 0 -1.117587e-08
142.6 0 -3.725290e-09
142.65 0 -1.490116e-08
142.7 0 3.725290e-09
142.75 0 -9.313226e-09
142.8 0 -9.313226e-09
142.85 0 -1.117587e-08
142.9 0 -7.450581e-09
142.95 0 -5.587935e-09
143 0 -9.313226e-09
143.05 0 -1.583248e-08
143.1 0 -3.725290e-09
143.15 0 -1.024455e-08
143.2 0 -3.725290e-09
143.25 0 -9.313226e-09
143.3 0 -7.450581e-09
143.35 0 -7.450581e-09
143.4 0 -9.313226e-09
143.45 0 -3.725290e-09
143.5 0 4.190952e-09
143.55 0 -3.958121e-09
143.6 0 -1.396984e-09
143.65 0 1.583248e-08
143.7 0 -2.561137e-09
143.75 0 -1.164153e-09
143.8 0 -1.012813e-08
143.85 0 -8.963980e-09
143.9 0 -9.895302e-09
143.95 0 -5.238689e-09
144 0 -8.149073e-09
144.05 0 -4.889444e-09
144.1 0 3.317837e-09
144.15 0 -1.862645e-09
144.2 0 -4.423782e-09
144.25 0 -3.492460e-09
144.3 0 9.313226e-10
144.35 0 -7.916242e-09
144.4 0 -1.071021e-08
144.45 0 -1.210719e-08
144.5 0 -1.210719e-08
144.55 0 -1.024455e-08
144.6 0 -1.210719e-08
144.65 0 -2.421439e-08
144.7 0 -2.700835e-08
144.75 0 -5.587935e-09
144.8 0 -1.862645e-08
144.85 0 -1.303852e-08
144.9 0 -9.313226e-09
144.95 0 -1.490116e-08
145 0 -1.117587e-08
145.05 0 -2.235174e-08
145.1 0 -3.725290e-09
145.15 0 -1.862645e-09
145.2 0 -5.587935e-09
145.25 0 -1.117587e-08
145.3 0 3.725290e-09
145.35 0 -9.313226e-09
145.4 0 5.587935e-09
145.45 0 -1.117587e-08
145.5 0 3.725290e-09
145.55 0 5.587935e-09
145.6 0 -1.862645e-09
145.65 0 0.000000
145.7 0 1.117587e-08
145.75 0 1.117587e-08
145.8 0 1.117587e-08
145.85 0 6.519258e-09
145.9 0 1.909211e-08
145.95 0 2.235174e-08
146 0 1.443550e-08
146.05 0 1.583248e-08
146.1 0 2.258457e-08
146.15 0 1.676381e-08
146.2 0 1.984881e-08
146.25 0 2.063825e-08
146.3 0 2.793968e-08
146.35 0 2.456363e-08
146.4 0 1.804437e-08
146.45 0 1.396984e-08
146.5 0 2.258457e-08
146.55 0 2.002344e-08
146.6 0 1.303852e-08
146.65 0 1.117587e-08
146.7 0 1.443550e-08
146.75 0 2.281740e-08
146.8 0 -2.328306e-09
146.85 0 1.536682e-08
146.9 0 -4.423782e-09
146.95 0 3.725290e-09
147 0 -8.847564e-09
147.05 0 -8.847564e-09
147.1 0 2.561137e-09
147.15 0 -6.519258e-09
147.2 0 -4.773028e-09
147.25 0 9.313226e-10
147.3 0 -8.381903e-09
147.35 0 -5.267793e-09
147.4 0 1.993612e-09
147.45 0 -2.328306e-09
147.5 0 6.752089e-09
147.55 0 9.313226e-10
147.6 0 6.053597e-09
147.65 0 2.095476e-09
147.7 0 7.217750e-09
147.75 0 1.629815e-08
147.8 0 1.350418e-08
147.85 0 -3.725290e-09
147.9 0 1.210719e-08
147.95 0 1.024455e-08
148 0 1.490116e-08
148.05 0 0.000000
148.1 0 1.490116e-08
148.15 0 8.381903e-09
148.2 0 3.725290e-09
148.25 0 2.328306e-09
148.3 0 -4.190952e-09
148.35 0 -2.793968e-09
148.4 0 -6.519258e-09
148.45 0 -6.984919e-09
148.5 0 -1.862645e-09
148.55 0 -1.071021e-08
148.6 0 -1.117587e-08
148.65 0 -1.257285e-08
148.7 0 -1.303852e-08
148.75 0 -1.303852e-08
148.8 0 -2.048910e-08
148.85 0 -1.443550e-08
148.9 0 -1.676381e-08
148.95 0 -8.381903e-09
149 0 -2.747402e-08
149.05 0 -1.071021e-08
149.1 0 -2.002344e-08
149.15 0 -1.117587e-08
149.2 0 -1.862645e-08
149.25 0 -7.450581e-09
149.3 0 -8.381903e-09
149.35 0 -9.313226e-10
149.4 0 -1.490116e-08
149.45 0 -9.313226e-09
149.5 0 0.000000
149.55 0 5.587935e-09
149.6 0 -1.303852e-08
149.65 0 3.725290e-09
149.7 0 -3.725290e-09
149.75 0 1.862645e-09
149.8 0 0.000000
149.85 0 1.303852e-08
149.9 0 9.313226e-09
149.95 0 1.117587e-08
150 0 3.725290e-09
150.05 0 1.676381e-08
150.1 0 -5.587935e-09
150.15 0 1.117587e-08
150.2 0 9.313226e-09
150.25 0 1.583248e-08
150.3 0 8.381903e-09
150.35 0 2.235174e-08
150.4 0 6.519258e-09
150.45 0 1.909211e-08
150.5 0 1.257285e-08
150.55 0 2.188608e-08
150.6 0 1.257285e-08
150.65 0 2.281740e-08
150.7 0 8.614734e-09
150.75 0 1.164153e-09
150.8 0 1.001172e-08
150.85 0 5.587935e-09
150.9 0 -2.793968e-09
150.95 0 8.149073e-09
151 0 -2.561137e-09
151.05 0 1.629815e-09
151.1 0 -4.190952e-09
151.15 0 1.094304e-08
151.2 0 -2.793968e-09
151.25 0 -4.656613e-09
151.3 0 -1.396984e-09
151.35 0 -1.490116e-08
151.4 0 -1.396984e-09
151.45 0 -6.519258e-09
151.5 0 -1.071021e-08
151.55 0 -2.328306e-09
151.6 0 -1.350418e-08
151.65 0 -1.303852e-08
151.7 0 -1.117587e-08
151.75 0 -7.450581e-09
151.8 0 -1.862645e-09
151.85 0 -3.725290e-09
151.9 0 -4.656613e-09
151.95 0 -5.587935e-09
152 0 -2.328306e-09
152.05 0 -1.862645e-09
152.1 0 -9.313226e-09
152.15 0 5.587935e-09
152.2 0 -1.024455e-08
152.25 0 -2.328306e-09
152.3 0 -1.117587e-08
152.35 0 -9.313226e-10
152.4 0 -1.210719e-08
152.45 0 0.000000
152.5 0 -2.374873e-08
152.55 0 -4.656613e-10
152.6 0 -1.303852e-08
152.65 0 -1.210719e-08
152.7 0 -1.117587e-08
152.75 0 -1.024455e-08
152.8 0 -1.816079e-08
152.85 0 -1.396984e-09
152.9 0 -8.381903e-09
152.95 0 -1.909211e-08
153 0 -3.539026e-08
153.05 0 -2.700835e-08
153.1 0 -1.676381e-08
153.15 0 -1.443550e-08
153.2 0 -1.396984e-08
153.25 0 -3.725290e-09
153.3 0 -7.450581e-09
153.35 0 1.490116e-08
153.4 0 -2.654269e-08
153.45 0 2.793968e-09
153.5 0 7.450581e-09
153.55 0 -1.676381e-08
153.6 0 -1.583248e-08
153.65 0 3.026798e-08
153.7 0 7.916242e-09
153.75 0 1.862645e-08
153.8 0 3.678724e-08
153.85 0 3.585592e-08
153.9 0 2.002344e-08
153.95 0 -8.381903e-09
154 0 2.700835e-08
154.05 0 -1.583248e-08
154.1 0 1.629815e-08
154.15 0 -1.862645e-09
154.2 0 1.862645e-09
154.25 0 2.468005e-08
154.3 0 1.583248e-08
154.35 0 7.450581e-09
154.4 0 -4.656613e-10
154.45 0 1.862645e-09
154.5 0 -9.313226e-09
154.55 0 -4.656613e-09
154.6 0 -4.656613e-09
154.65 0 -5.820766e-09
154.7 0 -5.238689e-09
154.75 0 -8.614734e-09
154.8 0 -1.385342e-08
154.85 0 -3.754394e-09
154.9 0 -1.183071e-08
154.95 0 -2.066372e-08
155 0 -2.008164e-08
155.05 0 -1.792796e-08
155.1 0 -1.257285e-08
155.15 0 -1.315493e-08
155.2 0 -2.793968e-08
155.25 0 -1.885928e-08
155.3 0 -1.722947e-08
155.35 0 -1.024455e-08
155.4 0 -1.909211e-08
155.45 0 -1.187436e-08
155.5 0 -1.420267e-08
155.55 0 -5.587935e-09
155.6 0 -1.851004e-08
155.65 0 -5.937181e-09
155.7 0 -9.080395e-09
155.75 0 4.249159e-09
155.8 0 -4.598405e-09
155.85 0 3.958121e-09
155.9 0 4.234607e-09
155.95 0 4.220055e-09
156 0 -1.164153e-09
156.05 0 1.001172e-08
156.1 0 4.656613e-10
156.15 0 1.047738e-08
156.2 0 4.656613e-10
156.25 0 1.210719e-08
156.3 0 1.862645e-09
156.35 0 1.909211e-08
156.4 0 5.122274e-09
156.45 0 3.725290e-09
156.5 0 -2.793968e-09
156.55 0 1.629815e-08
156.6 0 0.000000
156.65 0 -4.656613e-09
156.7 0 -5.587935e-09
156.75 0 9.778887e-09
156.8 0 -5.587935e-09
156.85 0 2.793968e-09
156.9 0 -1.117587e-08
156.95 0 7.217750e-09
157 0 -9.546056e-09
157.05 0 6.519258e-09
157.1 0 -2.793968e-09
157.15 0 3.958121e-09
157.2 0 -1.094304e-08
157.25 0 3.259629e-09
157.3 0 -1.769513e-08
157.35 0 8.920324e-09
157.4 0 1.295120e-08
157.45 0 1.315493e-08
157.5 0 1.082662e-08
157.55 0 4.074536e-09
157.6 0 1.071021e-08
157.65 0 1.001172e-08
157.7 0 1.583248e-08
157.75 0 1.559965e-08
157.8 0 1.350418e-08
157.85 0 1.909211e-08
157.9 0 9.313226e-10
157.95 0 2.793968e-08
158 0 4.656613e-09
158.05 0 9.778887e-09
158.1 0 -4.656613e-10
158.15 0 9.778887e-09
158.2 0 9.313226e-10
158.25 0 6.519258e-09
158.3 0 -2.095476e-09
158.35 0 9.313226e-09
158.4 0 -5.820766e-09
158.45 0 -2.561137e-09
158.5 0 -1.094304e-08
158.55 0 2.793968e-09
158.6 0 -1.094304e-08
158.65 0 -4.773028e-09
158.7 0 -6.053597e-09
158.75 0 -9.138603e-09
158.8 0 -2.082379e-08
158.85 0 -5.413312e-09
158.9 0 -1.350418e-08
158.95 0 -4.307367e-09
159 0 -6.286427e-09
159.05 0 -9.313226e-09
159.1 0 -7.450581e-09
159.15 0 5.587935e-09
159.2 0 -2.561137e-09
159.25 0 3.026798e-09
159.3 0 1.862645e-09
159.35 0 4.656613e-10
159.4 0 4.656613e-09
159.45 0 7.683411e-09
159.5 0 9.313226e-09
159.55 0 6.984919e-09
159.6 0 1.396984e-09
159.65 0 1.420267e-08
159.7 0 1.792796e-08
159.75 0 -1.164153e-09
159.8 0 2.240995e-08
159.85 0 2.468005e-08
159.9 0 2.165325e-08
159.95 0 1.303852e-08
160 0 6.519258e-09
160.05 0 6.984919e-09
160.1 0 1.117587e-08
160.15 0 1.862645e-09
160.2 0 9.313226e-09
160.25 0 7.450581e-09
160.3 0 1.676381e-08
160.35 0 5.587935e-09
160.4 0 1.862645e-08
160.45 0 -1.862645e-09
160.5 0 1.862645e-09
160.55 0 -3.725290e-09
160.6 0 1.303852e-08
160.65 0 9.313226e-09
160.7 0 0.000000
160.75 0 -9.313226e-09
160.8 0 -3.725290e-09
160.85 0 7.450581e-09
160.9 0 3.725290e-09
160.95 0 -1.117587e-08
161 0 -1.862645e-09
161.05 0 0.000000
161.1 0 -3.725290e-09
161.15 0 0.000000
161.2 0 -7.450581e-09
161.25 0 -8.381903e-09
161.3 0 -1.117587e-08
161.35 0 -9.313226e-10
161.4 0 -3.259629e-09
161.45 0 0.000000
161.5 0 -2.025627e-08
161.55 0 -1.164153e-08
161.6 0 -7.683411e-09
161.65 0 -1.140870e-08
161.7 0 -1.350418e-08
161.75 0 -4.656613e-09
161.8 0 -2.607703e-08
161.85 0 -1.862645e-08
161.9 0 -2.514571e-08
161.95 0 -1.676381e-08
162 0 -2.887100e-08
162.05 0 -2.514571e-08
162.1 0 -2.793968e-08
162.15 0 -2.142042e-08
162.2 0 -2.421439e-08
162.25 0 -2.607703e-08
162.3 0 -2.048910e-08
162.35 0 -1.303852e-08
162.4 0 -2.142042e-08
162.45 0 -1.210719e-08
162.5 0 -8.381903e-09
162.55 0 -5.122274e-09
162.6 0 -3.259629e-09
162.65 0 -7.450581e-09
162.7 0 -1.862645e-09
162.75 0 1.140870e-08
162.8 0 3.259629e-09
162.85 0 5.937181e-09
162.9 0 7.625204e-09
162.95 0 2.630986e-08
163 0 1.420267e-08
163.05 0 1.443550e-08
163.1 0 1.909211e-08
163.15 0 3.119931e-08
163.2 0 1.955777e-08
163.25 0 1.117587e-08
163.3 0 1.490116e-08
163.35 0 1.676381e-08
163.4 0 9.313226e-09
163.45 0 1.862645e-08
163.5 0 2.421439e-08
163.55 0 1.117587e-08
163.6 0 2.421439e-08
163.65 0 2.793968e-09
163.7 0 1.210719e-08
163.75 0 7.450581e-09
163.8 0 1.303852e-08
163.85 0 5.587935e-09
163.9 0 1.303852e-08
163.95 0 -3.725290e-09
164 0 9.313226e-09
164.05 0 3.725290e-09
164.1 0 1.303852e-08
164.15 0 4.656613e-09
164.2 0 9.313226e-10
164.25 0 -6.519258e-09
164.3 0 -5.587935e-09
164.35 0 -6.984919e-09
164.4 0 1.024455e-08
164.45 0 1.396984e-09
164.5 0 -4.656613e-10
164.55 0 -1.024455e-08
164.6 0 3.026798e-09
164.65 0 2.328306e-10
164.7 0 3.259629e-09
164.75 0 4.307367e-09
164.8 0 3.958121e-09
164.85 0 6.752089e-09
164.9 0 9.313226e-10
164.95 0 8.149073e-10
165 0 -2.095476e-09
165.05 0 7.974450e-09
165.1 0 -8.731149e-09
165.15 0 3.608875e-09
165.2 0 -2.328306e-09
165.25 0 8.381903e-09
165.3 0 6.984919e-10
165.35 0 7.566996e-09
165.4 0 1.862645e-09
165.45 0 9.313226e-09
165.5 0 4.656613e-09
165.55 0 1.490116e-08
165.6 0 6.519258e-09
165.65 0 1.722947e-08
165.7 0 3.259629e-09
165.75 0 1.350418e-08
165.8 0 1.396984e-09
165.85 0 0.000000
165.9 0 6.519258e-09
165.95 0 -1.862645e-09
166 0 5.587935e-09
166.05 0 9.313226e-09
166.1 0 -8.381903e-09
166.15 0 -1.117587e-08
166.2 0 -2.514571e-08
166.25 0 9.313226e-10
166.3 0 -1.024455e-08
166.35 0 -2.328306e-08
166.4 0 -2.142042e-08
166.45 0 -2.328306e-08
166.5 0 2.793968e-09
166.55 0 -4.190952e-09
166.6 0 -3.259629e-08
166.65 0 -1.536682e-08
166.7 0 -1.396984e-08
166.75 0 -1.466833e-08
166.8 0 -1.664739e-08
166.85 0 -1.286389e-08
166.9 0 -6.402843e-09
166.95 0 1.396984e-09
167 0 -1.117587e-08
167.05 0 1.583248e-08
167.1 0 6.053597e-09
167.15 0 -9.313226e-10
167.2 0 4.656613e-09
167.25 0 6.519258e-09
167.3 0 9.313226e-09
167.35 0 1.955777e-08
167.4 0 9.313226e-09
167.45 0 1.955777e-08
167.5 0 7.450581e-09
167.55 0 6.519258e-09
167.6 0 1.769513e-08
167.65 0 1.117587e-08
167.7 0 0.000000
167.75 0 0.000000
167.8 0 -8.381903e-09
167.85 0 -7.450581e-09
167.9 0 -1.769513e-08
167.95 0 -1.210719e-08
168 0 -2.374873e-08
168.05 0 -1.303852e-08
168.1 0 -2.002344e-08
168.15 0 -6.984919e-09
168.2 0 -1.909211e-08
168.25 0 -5.122274e-09
168.3 0 -1.682201e-08
168.35 0 -6.082701e-09
168.4 0 -7.450581e-09
168.45 0 7.799827e-09
168.5 0 -6.053597e-09
168.55 0 8.847564e-09
168.6 0 3.026798e-09
168.65 0 6.053597e-09
168.7 0 -4.656613e-10
168.75 0 1.024455e-08
168.8 0 0.000000
168.85 0 1.443550e-08
168.9 0 -5.587935e-09
168.95 0 2.793968e-09
169 0 -9.313226e-10
169.05 0 9.313226e-10
169.1 0 -1.490116e-08
169.15 0 -7.450581e-09
169.2 0 -1.117587e-08
169.25 0 -5.587935e-09
169.3 0 -2.142042e-08
169.35 0 -2.235174e-08
169.4 0 -1.769513e-08
169.45 0 -1.303852e-08
169.5 0 -1.583248e-08
169.55 0 -3.352761e-08
169.6 0 -1.024455e-08
169.65 0 -1.583248e-08
169.7 0 -8.381903e-09
169.75 0 -1.396984e-08
169.8 0 -4.656613e-09
169.85 0 2.793968e-09
169.9 0 -9.313226e-10
169.95 0 -7.450581e-09
170 0 2.048910e-08
170.05 0 7.450581e-09
170.1 0 1.583248e-08
170.15 0 1.862645e-09
170.2 0 7.450581e-09
170.25 0 1.955777e-08
170.3 0 6.519258e-09
170.35 0 -3.725290e-09
170.4 0 1.536682e-08
170.45 0 1.396984e-08
170.5 0 6.053597e-09
170.55 0 6.053597e-09
170.6 0 6.053597e-09
170.65 0 1.210719e-08
170.7 0 6.053597e-09
170.75 0 2.793968e-09
170.8 0 9.080395e-09
170.85 0 9.313226e-09
170.9 0 1.513399e-08
170.95 0 1.513399e-08
171 0 1.280569e-08
171.05 0 1.653098e-08
171.1 0 1.722947e-08
171.15 0 1.024455e-08
171.2 0 1.699664e-08
171.25 0 1.979060e-08
171.3 0 1.210719e-08
171.35 0 2.374873e-08
171.4 0 1.583248e-08
171.45 0 2.468005e-08
171.5 0 1.746230e-08
171.55 0 5.471520e-09
171.6 0 7.916242e-09
171.65 0 1.152512e-08
171.7 0 3.841706e-09
171.75 0 -2.677552e-09
171.8 0 6.402843e-09
171.85 0 -2.386514e-09
171.9 0 -4.889444e-09
171.95 0 -1.466833e-08
172 0 -4.889444e-09
172.05 0 -7.450581e-09
172.1 0 -9.778887e-09
172.15 0 -2.607703e-08
172.2 0 -1.955777e-08
172.25 0 -2.142042e-08
172.3 0 -9.313226e-09
172.35 0 -2.235174e-08
172.4 0 -2.048910e-08
172.45 0 -2.607703e-08
172.5 0 -1.303852e-08
172.55 0 -2.421439e-08
172.6 0 0.000000
172.65 0 -1.117587e-08
172.7 0 0.000000
172.75 0 -7.450581e-09
172.8 0 0.000000
172.85 0 0.000000
172.9 0 -1.117587e-08
172.95 0 -2.980232e-08
173 0 -3.725290e-09
173.05 0 0.000000
173.1 0 0.000000
173.15 0 3.725290e-09
173.2 0 -3.725290e-09
173.25 0 3.725290e-09
173.3 0 -7.450581e-09
173.35 0 -1.117587e-08
173.4 0 -9.313226e-09
173.45 0 1.303852e-08
173.5 0 -5.587935e-09
173.55 0 0.000000
173.6 0 0.000000
173.65 0 1.117587e-08
173.7 0 -7.450581e-09
173.75 0 -6.053597e-09
173.8 0 5.122274e-09
173.85 0 1.629815e-09
173.9 0 -1.366425e-08
173.95 0 -6.286427e-09
174 0 -1.164153e-09
174.05 0 9.313226e-10
174.1 0 -4.190952e-09
174.15 0 -4.656613e-09
174.2 0 3.259629e-09
174.25 0 -1.862645e-09
174.3 0 -2.048910e-08
174.35 0 -4.656613e-09
174.4 0 1.117587e-08
174.45 0 2.793968e-09
174.5 0 -1.862645e-09
174.55 0 4.656613e-09
174.6 0 7.450581e-09
174.65 0 3.725290e-09
174.7 0 7.450581e-09
174.75 0 1.396984e-08
174.8 0 1.676381e-08
174.85 0 1.303852e-08
174.9 0 2.235174e-08
174.95 0 1.769513e-08
175 0 2.235174e-08
175.05 0 9.313226e-09
175.1 0 1.676381e-08
175.15 0 2.095476e-08
175.2 0 2.002344e-08
175.25 0 1.862645e-08
175.3 0 2.421439e-08
175.35 0 2.328306e-08
175.4 0 2.095476e-08
175.45 0 1.199078e-08
175.5 0 1.897570e-08
175.55 0 1.623994e-08
175.6 0 1.327135e-08
175.65 0 1.071021e-08
175.7 0 1.559965e-08
175.75 0 6.984919e-09
175.8 0 1.862645e-09
175.85 0 7.450581e-09
175.9 0 -3.725290e-09
175.95 0 2.793968e-09
176 0 5.587935e-09
176.05 0 -7.450581e-09
176.1 0 -4.656613e-09
176.15 0 -1.303852e-08
176.2 0 -1.303852e-08
176.25 0 0.000000
176.3 0 -7.450581e-09
176.35 0 -1.862645e-08
176.4 0 -2.421439e-08
176.45 0 -1.862645e-08
176.5 0 -1.862645e-08
176.55 0 -1.862645e-09
176.6 0 -2.980232e-08
176.65 0 -7.450581e-09
176.7 0 -1.490116e-08
176.75 0 -5.587935e-09
176.8 0 -3.725290e-09
176.85 0 1.303852e-08
176.9 0 -1.117587e-08
176.95 0 7.450581e-09
177 0 7.450581e-09
177.05 0 1.117587e-08
177.1 0 1.676381e-08
177.15 0 1.303852e-08
177.2 0 9.313226e-10
177.25 0 2.793968e-08
177.3 0 1.862645e-08
177.35 0 2.468005e-08
177.4 0 1.862645e-08
177.45 0 2.654269e-08
177.5 0 1.094304e-08
177.55 0 1.792796e-08
177.6 0 6.519258e-09
177.65 0 1.955777e-08
177.7 0 3.637979e-09
177.75 0 6.650225e-09
177.8 0 -4.205504e-09
177.85 0 6.693881e-10
177.9 0 -7.014023e-09
177.95 0 -3.201421e-09
178 0 -1.559965e-08
178.05 0 -6.810296e-09
178.1 0 -6.897608e-09
178.15 0 -1.472654e-08
178.2 0 -1.516310e-08
178.25 0 -8.876668e-09
178.3 0 -2.044544e-08
178.35 0 -1.498847e-08
178.4 0 -1.573062e-08
178.45 0 -2.379238e-09
178.5 0 -2.217712e-08
178.55 0 -8.258212e-09
178.6 0 -7.537892e-09
178.65 0 6.439222e-10
178.7 0 3.241439e-09
178.75 0 -1.349690e-09
178.8 0 -2.009619e-08
178.85 0 3.608875e-09
178.9 0 -7.203198e-10
178.95 0 -1.813169e-08
179 0 5.529728e-10
179.05 0 5.238689e-09
179.1 0 -1.135049e-08
179.15 0 -3.870809e-09
179.2 0 2.939487e-09
179.25 0 5.820766e-10
179.3 0 -1.426088e-09
179.35 0 8.585630e-09
179.4 0 -3.736932e-08
179.45 0 1.862645e-08
179.5 0 -2.037268e-09
179.55 0 3.317837e-09
179.6 0 5.005859e-09
179.65 0 1.367880e-08
179.7 0 -2.328306e-09
179.75 0 -1.385342e-08
179.8 0 -1.443550e-08
179.85 0 2.793968e-09
179.9 0 -1.618173e-08
179.95 0 -6.286427e-09
180 0 -1.245644e-08
180.05 0 2.328306e-09
180.1 0 -3.841706e-09
180.15 0 -9.313226e-09
180.2 0 -7.566996e-09
180.25 0 -1.082662e-08
180.3 0 -2.444722e-09
180.35 0 -1.280569e-08
180.4 0 -2.677552e-09
180.45 0 6.752089e-09
180.5 0 2.240995e-09
180.55 0 9.196810e-09
180.6 0 9.109499e-09
180.65 0 4.263711e-09
180.7 0 1.640728e-09
180.75 0 1.380977e-08
180.8 0 1.414446e-08
180.85 0 1.396984e-08
180.9 0 5.064066e-09
180.95 0 1.443550e-08
181 0 1.169974e-08
181.05 0 7.101335e-09
181.1 0 1.152512e-08
181.15 0 1.699664e-08
181.2 0 1.350418e-08
181.25 0 1.955777e-08
181.3 0 5.587935e-09
181.35 0 1.396984e-08
181.4 0 1.396984e-08
181.45 0 8.381903e-09
181.5 0 -3.725290e-09
181.55 0 7.916242e-09
181.6 0 -4.656613e-09
181.65 0 1.303852e-08
181.7 0 -2.793968e-09
181.75 0 1.350418e-08
181.8 0 -5.122274e-09
181.85 0 1.117587e-08
181.9 0 0.000000
181.95 0 1.257285e-08
182 0 -7.450581e-09
182.05 0 1.490116e-08
182.1 0 -7.916242e-09
182.15 0 6.519258e-09
182.2 0 3.725290e-09
182.25 0 1.024455e-08
182.3 0 -2.328306e-09
182.35 0 1.303852e-08
182.4 0 1.117587e-08
182.45 0 1.396984e-08
182.5 0 -4.656613e-09
182.55 0 1.676381e-08
182.6 0 5.355105e-09
182.65 0 1.938315e-08
182.7 0 6.984919e-09
182.75 0 1.490116e-08
182.8 0 4.190952e-09
182.85 0 2.211891e-08
182.9 0 1.955777e-08
182.95 0 1.536682e-08
183 0 -6.519258e-09
183.05 0 9.313226e-10
183.1 0 9.313226e-10
183.15 0 -1.490116e-08
183.2 0 -9.313226e-10
183.25 0 1.862645e-09
183.3 0 -9.313226e-09
183.35 0 -2.048910e-08
183.4 0 -9.313226e-09
183.45 0 -2.048910e-08
183.5 0 -3.725290e-09
183.55 0 -1.490116e-08
183.6 0 -9.313226e-09
183.65 0 -1.117587e-08
183.7 0 -3.725290e-09
183.75 0 -1.490116e-08
183.8 0 -5.587935e-09
183.85 0 -1.676381e-08
183.9 0 -5.587935e-09
183.95 0 -9.313226e-09
184 0 3.725290e-09
184.05 0 -1.862645e-09
184.1 0 -1.862645e-09
184.15 0 -3.725290e-09
184.2 0 1.024455e-08
184.25 0 -2.793968e-09
184.3 0 3.725290e-09
184.35 0 2.793968e-09
184.4 0 1.257285e-08
184.45 0 1.280569e-08
184.5 0 1.746230e-08
184.55 0 1.350418e-08
184.6 0 1.396984e-08
184.65 0 1.117587e-08
184.7 0 1.583248e-08
184.75 0 1.629815e-08
184.8 0 6.053597e-09
184.85 0 1.769513e-08
184.9 0 1.396984e-08
184.95 0 1.862645e-08
185 0 1.769513e-08
185.05 0 3.725290e-09
185.1 0 2.235174e-08
185.15 0 1.490116e-08
185.2 0 9.313226e-09
185.25 0 1.490116e-08
185.3 0 5.587935e-09
185.35 0 2.048910e-08
185.4 0 7.450581e-09
185.45 0 1.303852e-08
185.5 0 2.421439e-08
185.55 0 5.587935e-09
185.6 0 5.587935e-09
185.65 0 1.490116e-08
185.7 0 2.235174e-08
185.75 0 3.725290e-09
185.8 0 5.587935e-09
185.85 0 1.117587e-08
185.9 0 1.117587e-08
185.95 0 1.862645e-09
186 0 3.725290e-09
186.05 0 9.313226e-09
186.1 0 0.000000
186.15 0 1.676381e-08
186.2 0 -5.587935e-09
186.25 0 5.587935e-09
186.3 0 2.793968e-09
186.35 0 -4.656613e-09
186.4 0 -1.583248e-08
186.45 0 -4.190952e-09
186.5 0 -1.117587e-08
186.55 0 -4.656613e-09
186.6 0 -1.024455e-08
186.65 0 -1.303852e-08
186.7 0 -2.002344e-08
186.75 0 -1.839362e-08
186.8 0 -2.211891e-08
186.85 0 -1.373701e-08
186.9 0 -1.885928e-08
186.95 0 -1.356238e-08
187 0 -1.123408e-08
187.05 0 -1.268927e-08
187.1 0 -2.147863e-08
187.15 0 -5.355105e-09
187.2 0 -1.053559e-08
187.25 0 -4.656613e-09
187.3 0 -6.810296e-09
187.35 0 -3.841706e-09
187.4 0 3.376044e-09
187.45 0 -9.604264e-09
187.5 0 5.675247e-09
187.55 0 4.321919e-09
187.6 0 8.512870e-09
187.65 0 8.905772e-09
187.7 0 9.953510e-09
187.75 0 1.024455e-08
187.8 0 1.979060e-08
187.85 0 1.140870e-08
187.9 0 1.001172e-08
187.95 0 1.536682e-08
188 0 1.350418e-08
188.05 0 1.350418e-08
188.1 0 1.024455e-08
188.15 0 1.117587e-08
188.2 0 1.676381e-08
188.25 0 1.117587e-08
188.3 0 1.303852e-08
188.35 0 4.656613e-09
188.4 0 1.117587e-08
188.45 0 1.303852e-08
188.5 0 -5.587935e-09
188.55 0 -1.117587e-08
188.6 0 7.450581e-09
188.65 0 -1.862645e-09
188.7 0 5.587935e-09
188.75 0 9.313226e-10
188.8 0 -1.862645e-09
188.85 0 5.587935e-09
188.9 0 3.725290e-09
188.95 0 2.793968e-09
189 0 -1.024455e-08
189.05 0 -8.381903e-09
189.1 0 6.519258e-09
189.15 0 8.381903e-09
189.2 0 -1.396984e-09
189.25 0 4.656613e-09
189.3 0 6.984919e-10
189.35 0 2.421439e-08
189.4 0 3.958121e-09
189.45 0 9.080395e-09
189.5 0 2.328306e-10
189.55 0 1.036096e-08
189.6 0 8.847564e-09
189.65 0 1.530861e-08
189.7 0 1.634180e-08
189.75 0 1.720036e-08
189.8 0 9.575160e-09
189.85 0 1.577428e-08
189.9 0 1.862645e-08
189.95 0 2.398156e-08
190 0 1.676381e-08
190.05 0 2.665911e-08
190.1 0 2.048910e-08
190.15 0 2.118759e-08
190.2 0 6.984919e-09
190.25 0 2.328306e-08
190.3 0 1.210719e-08
190.35 0 9.313226e-09
190.4 0 1.210719e-08
190.45 0 1.071021e-08
190.5 0 9.313226e-10
190.55 0 6.519258e-09
190.6 0 -1.862645e-09
190.65 0 -4.656613e-09
190.7 0 -1.862645e-09
190.75 0 5.587935e-09
190.8 0 -9.313226e-09
190.85 0 0.000000
190.9 0 0.000000
190.95 0 -7.450581e-09
191 0 0.000000
191.05 0 -1.862645e-09
191.1 0 -1.676381e-08
191.15 0 -7.450581e-09
191.2 0 -1.862645e-08
191.25 0 -1.862645e-09
191.3 0 -1.117587e-08
191.35 0 7.450581e-09
191.4 0 1.862645e-09
191.45 0 0.000000
191.5 0 -7.450581e-09
191.55 0 3.725290e-09
191.6 0 -3.725290e-09
191.65 0 3.725290e-09
191.7 0 -4.656613e-09
191.75 0 1.862645e-08
191.8 0 1.862645e-08
191.85 0 1.303852e-08
191.9 0 2.887100e-08
191.95 0 4.656613e-09
192 0 1.676381e-08
192.05 0 4.656613e-09
192.1 0 -1.303852e-08
192.15 0 1.769513e-08
192.2 0 -2.561137e-08
192.25 0 -3.725290e-09
192.3 0 4.190952e-09
192.35 0 6.984919e-09
192.4 0 -5.122274e-09
192.45 0 7.450581e-09
192.5 0 -1.396984e-09
192.55 0 8.498318e-09
192.6 0 -1.082662e-08
192.65 0 1.047738e-08
192.7 0 -7.741619e-09
192.75 0 -9.895302e-10
192.8 0 -4.656613e-09
192.85 0 -3.725290e-09
192.9 0 -7.683411e-09
192.95 0 -9.546056e-09
193 0 -1.210719e-08
193.05 0 -6.984919e-10
193.1 0 -1.350418e-08
193.15 0 -1.396984e-09
193.2 0 -1.071021e-08
193.25 0 -9.313226e-10
193.3 0 -1.629815e-08
193.35 0 -2.793968e-09
193.4 0 -6.053597e-09
193.45 0 9.313226e-10
193.5 0 -7.916242e-09
193.55 0 1.396984e-09
193.6 0 4.190952e-09
193.65 0 4.889444e-09
193.7 0 -8.963980e-09
193.75 0 3.026798e-09
193.8 0 -4.118192e-09
193.85 0 5.064066e-09
193.9 0 2.095476e-09
193.95 0 6.053597e-09
194 0 -3.725290e-09
194.05 0 1.396984e-09
194.1 0 -4.656613e-10
194.15 0 2.793968e-09
194.2 0 8.847564e-09
194.25 0 4.656613e-09
194.3 0 4.656613e-09
194.35 0 1.862645e-08
194.4 0 1.396984e-08
194.45 0 1.676381e-08
194.5 0 7.450581e-09
194.55 0 1.676381e-08
194.6 0 2.235174e-08
194.65 0 2.235174e-08
194.7 0 7.450581e-09
194.75 0 1.676381e-08
194.8 0 1.676381e-08
194.85 0 2.607703e-08
194.9 0 3.725290e-09
194.95 0 1.490116e-08
195 0 2.421439e-08
195.05 0 2.607703e-08
195.1 0 1.490116e-08
195.15 0 1.303852e-08
195.2 0 1.862645e-08
195.25 0 1.303852e-08
195.3 0 0.000000
195.35 0 1.676381e-08
195.4 0 -3.725290e-09
195.45 0 1.117587e-08
195.5 0 0.000000
195.55 0 -1.862645e-09
195.6 0 -7.450581e-09
195.65 0 0.000000
195.7 0 -1.862645e-09
195.75 0 1.862645e-09
195.8 0 -7.450581e-09
195.85 0 2.235174e-08
195.9 0 8.381903e-09
195.95 0 9.313226e-09
196 0 -1.396984e-08
196.05 0 5.587935e-09
196.1 0 1.117587e-08
196.15 0 1.490116e-08
196.2 0 -3.725290e-09
196.25 0 2.235174e-08
196.3 0 -3.725290e-09
196.35 0 8.381903e-09
196.4 0 -2.793968e-09
196.45 0 2.328306e-09
196.5 0 7.450581e-09
196.55 0 -1.396984e-09
196.6 0 -4.656613e-09
196.65 0 -2.328306e-09
196.7 0 -5.122274e-09
196.75 0 3.259629e-09
196.8 0 -1.443550e-08
196.85 0 -6.519258e-09
196.9 0 -4.656613e-10
196.95 0 4.190952e-09
197 0 -4.656613e-09
197.05 0 8.847564e-09
197.1 0 4.656613e-09
197.15 0 1.676381e-08
197.2 0 2.328306e-09
197.25 0 1.606531e-08
197.3 0 1.280569e-08
197.35 0 1.071021e-08
197.4 0 -1.862645e-09
197.45 0 5.005859e-09
197.5 0 1.001172e-08
197.55 0 1.874287e-08
197.6 0 7.334165e-09
197.65 0 1.979060e-09
197.7 0 2.946763e-09
197.75 0 7.625204e-09
197.8 0 3.230525e-09
197.85 0 -2.270099e-09
197.9 0 -1.164153e-08
197.95 0 3.259629e-09
198 0 -6.519258e-09
198.05 0 5.471520e-09
198.1 0 -6.752089e-09
198.15 0 -5.587935e-09
198.2 0 -1.024455e-08
198.25 0 -3.492460e-09
198.3 0 1.257285e-08
198.35 0 1.373701e-08
198.4 0 -4.656613e-09
198.45 0 -5.122274e-09
198.5 0 6.519258e-09
198.55 0 2.374873e-08
198.6 0 4.656613e-09
198.65 0 9.313226e-09
198.7 0 7.916242e-09
198.75 0 2.328306e-08
198.8 0 1.862645e-09
198.85 0 2.793968e-09
198.9 0 9.546056e-09
198.95 0 2.188608e-08
199 0 7.916242e-09
199.05 0 1.536682e-08
199.1 0 1.420267e-08
199.15 0 1.303852e-08
199.2 0 -1.629815e-09
199.25 0 6.402843e-10
199.3 0 5.267793e-09
199.35 0 -9.458745e-10
199.4 0 5.820766e-11
199.45 0 5.937181e-09
199.5 0 -1.094304e-08
199.55 0 -4.889444e-09
199.6 0 -1.164153e-08
199.65 0 -7.450581e-09
199.7 0 6.984919e-10
199.75 0 0.000000
