     -0.1062400     -0.1036800     -0.1036800     -0.1036800     -0.1036800
     -0.1024000     -0.1011200     -0.1049600     -0.1177600     -0.1587200
     -0.2816001     -0.5580802     -0.9113600     -0.9958402     -0.5286400
      0.3481600       1.130240       1.264640      0.6758398    -0.07168002
     -0.3699200     -0.2009600     0.01920000     0.04352000    -0.03840000
    -0.09088002     -0.1536000     -0.2854400     -0.3520001     -0.1638400
      0.1190400     0.02048000     -0.6080000      -1.236480      -1.208320
     -0.4876800      0.3097600      0.5849600      0.3328000     0.01024000
    -0.03328000      0.1574400      0.3430400      0.3379200     0.06911999
     -0.3340800     -0.5580802     -0.3699200     0.09983999      0.4262400
      0.3046399     -0.1420800     -0.5350400     -0.6336001     -0.4940800
     -0.3315200     -0.2777600     -0.2598400     -0.1433600     0.03839999
      0.1305600
